      130.41796901372484285275
      128.17627062035450080657
      127.98567128803443893048
      127.86644195546956837006
      127.75061304266810680019
      127.63582832587228210741
      127.52198879646113027775
      127.40907382416510529310
      127.29706603343325355127
      127.18594867949994409173
      127.07570553231354892887
      126.96632084991244937555
      126.85777935678424910293
      126.75006622387091681503
      126.64316704986329398253
      126.53706784361594372967
      126.43175500756298390570
      126.32721532204317327341
      126.22343593046102228072
      126.12040432521983746028
      126.01810833437268399848
      125.91653610894283588095
      125.81567611086974523005
      125.71551710154120939933
      125.61604813087578236264
      125.51725852692143803324
      125.41913788594092693529
      125.32167606295477924050
      125.22486316271601936023
      125.12868953109177994065
      125.03314574682963211671
      124.93822261368721626695
      124.84391115290530649418
      124.75020259600587735349
      124.65708837789826191056
      124.56456013027666074322
      124.47260967529425101930
      124.38122901949964216328
      124.29041034802202148057
      124.20014601899298156695
      124.11042855819282237917
      124.02125065391021507821
      123.93260515200540794467
      123.84448505116608885146
      123.75688349834778989589
      123.66979378438928449668
      123.58320933979487676879
      123.49712373067629300749
      123.41153065484596140777
      123.32642393805561198405
      123.24179753037292073259
      123.15764550269047106212
      123.07396204336077971675
      122.99074145495201548783
      122.90797815111892532514
      122.82566665358436353017
      122.74380158922605232874
      122.66237768726469425928
      122.58138977654863310818
      122.50083278293129751546
      122.42070172673732031399
      122.34099172031412194883
      122.26169796566463787713
      122.18281575215891621156
      122.10434045432049288138
      122.02626752968478740513
      121.94859251672720290571
      121.87131103285743449760
      121.79441877247757020086
      121.71791150510182433209
      121.64178507353533120749
      121.56603539210954068039
      121.49065844497224020415
      121.41565028443025653360
      121.34100702934263438237
      121.26672486356245883599
      121.19280003442558779625
      121.11922885128466020888
      121.04600768408636213280
      120.97313296199078536119
      120.90060117203121592411
      120.82840885781277506794
      120.75655261824869057818
      120.68502910633301894450
      120.61383502794799937874
      120.54296714070537177577
      120.47242225282030858580
      120.40219722201683794083
      120.33228895446353590160
      120.26269440373886254747
      120.19341056982433713074
      120.12443449812585072323
      120.05576327852102735960
      119.98739404443217893004
      119.91932397192445591827
      119.85155027882757394764
      119.78407022388094560483
      119.71688110590130804667
      119.64998026297188005174
      119.58336507165286377585
      119.51703294621192696923
      119.45098133787485039647
      119.38520773409501884998
      119.31970965784141469612
      119.25448466690471605034
      119.18953035322068956248
      119.12484434221056517345
      119.06042429213752598116
      118.99626789347919952888
      118.93237286831562471434
      118.86873696973187009007
      118.80535798123543145266
      118.74223371618749922618
      118.67936201724775457933
      118.61674075583268006540
      118.55436783158654634462
      118.49224117186467708507
      118.43035873122940415669
      118.36871849095720676814
      118.30731845855748929353
      118.24615666730269936124
      118.18523117576880565593
      118.12454006738668965681
      118.06408145000344234177
      118.00385345545367954401
      117.94385423914069122020
      117.88408197962652934621
      117.82453487823181603744
      117.76521115864373712157
      117.70610906653335803185
      117.64722686918079830320
      117.58856285510890415935
      117.53011533372486496773
      117.47188263496929039320
      117.41386310897328826286
      117.35605512572237785207
      117.29845707472806282112
      117.24106736470602641020
      117.18388442326130416404
      117.12690669657985154117
      117.07013264912689010089
      117.01356076335115119491
      116.95718953939559980881
      116.90101749481380011275
      116.84504316429237746888
      116.78926509937892319613
      116.73368186821573999623
      116.67829205527843328127
      116.62309426112042842760
      116.56808710212203550327
      116.51326921024489990941
      116.45863923279124207966
      116.40419583216767307476
      116.34993768565394134384
