(2209, 2450)
(2210, 2449)
(2212, 2448)
(2242, 2445)
(2244, 2442)
(2254, 2441)
(2256, 2438)
(2283, 2435)
(2284, 2434)
(2289, 2432)
(2304, 2423)
(2309, 2422)
(2318, 2415)
(2325, 2410)
(2333, 2400)
(2335, 2398)
(2337, 2388)
(2344, 2386)
(2346, 2385)
(2350, 2383)
(2356, 2373)
(2359, 2371)
(2365, 2362)
(2366, 2358)
(2369, 2357)
(2374, 2347)
(2378, 2344)
(2381, 2343)
(2382, 2340)
(2384, 2338)
(2386, 2325)
(2388, 2319)
(2391, 2311)
(2393, 2309)
(2394, 2306)
(2396, 2301)
(2397, 2290)
(2398, 2287)
(2401, 2286)
(2402, 2283)
(2404, 2267)
(2411, 2266)
(2414, 2229)
: 1 rows, 50 columns, 50 nonzeros
Academic license - for non-commercial use only - expires 2022-01-15
Non-dominated vectors found: 43
Read LP format model from file ../tests/examples/2KP50.lp
Reading time = 0.00 seconds
Set parameter Username
Solver calls: 90
