(100, 104, 84)
(100, 122, 70)
(100, 124, 68)
(100, 125, 65)
(100, 156, 56)
(100, 167, 54)
(100, 177, 53)
(100, 180, 52)
(100, 187, 51)
(100, 208, 49)
(100, 53, 162)
(100, 69, 123)
(100, 70, 114)
(100, 73, 112)
(100, 86, 101)
(100, 87, 97)
(100, 91, 93)
(101, 101, 84)
(101, 104, 82)
(101, 105, 80)
(101, 108, 76)
(101, 114, 73)
(101, 123, 69)
(101, 130, 62)
(101, 161, 54)
(101, 49, 195)
(101, 50, 175)
(101, 52, 158)
(101, 58, 145)
(101, 67, 115)
(101, 74, 109)
(101, 79, 104)
(101, 83, 100)
(101, 87, 94)
(101, 94, 90)
(101, 96, 86)
(102, 102, 81)
(102, 106, 78)
(102, 114, 72)
(102, 135, 61)
(102, 138, 60)
(102, 140, 58)
(102, 146, 57)
(102, 172, 53)
(102, 192, 50)
(102, 47, 181)
(102, 50, 168)
(102, 51, 162)
(102, 61, 139)
(102, 62, 135)
(102, 66, 119)
(102, 77, 108)
(102, 78, 107)
(102, 79, 103)
(102, 81, 102)
(102, 84, 95)
(102, 95, 89)
(103, 105, 79)
(103, 119, 70)
(103, 120, 67)
(103, 137, 60)
(103, 143, 56)
(103, 154, 54)
(103, 167, 52)
(103, 177, 51)
(103, 200, 49)
(103, 49, 172)
(103, 54, 149)
(103, 57, 137)
(103, 63, 129)
(103, 65, 123)
(103, 68, 114)
(103, 72, 113)
(103, 74, 106)
(103, 91, 88)
(104, 102, 80)
(104, 114, 70)
(104, 132, 61)
(104, 137, 58)
(104, 148, 55)
(104, 191, 50)
(104, 204, 48)
(104, 49, 166)
(104, 50, 165)
(104, 53, 153)
(104, 55, 147)
(104, 56, 141)
(104, 58, 130)
(104, 61, 127)
(104, 72, 112)
(104, 73, 109)
(104, 79, 102)
(104, 90, 92)
(104, 99, 84)
(105, 104, 79)
(105, 110, 73)
(105, 125, 64)
(105, 132, 59)
(105, 166, 53)
(105, 173, 49)
(105, 186, 47)
(105, 50, 162)
(105, 56, 140)
(105, 57, 134)
(105, 65, 122)
(105, 67, 114)
(105, 72, 110)
(105, 78, 105)
(105, 79, 101)
(105, 90, 89)
(105, 98, 83)
(106, 104, 77)
(106, 108, 74)
(106, 121, 66)
(106, 133, 56)
(106, 144, 54)
(106, 157, 52)
(106, 54, 147)
(106, 55, 144)
(106, 74, 104)
(106, 80, 100)
(106, 83, 98)
(106, 86, 92)
(106, 97, 82)
(107, 101, 80)
(107, 103, 78)
(107, 109, 72)
(107, 116, 68)
(107, 130, 59)
(107, 138, 55)
(107, 169, 51)
(107, 205, 46)
(107, 50, 152)
(107, 53, 151)
(107, 58, 128)
(107, 60, 126)
(107, 61, 125)
(107, 64, 124)
(107, 66, 118)
(107, 68, 112)
(107, 72, 109)
(107, 73, 108)
(107, 94, 87)
(107, 96, 83)
(108, 106, 75)
(108, 116, 67)
(108, 120, 65)
(108, 123, 64)
(108, 156, 53)
(108, 163, 49)
(108, 176, 47)
(108, 45, 175)
(108, 48, 171)
(108, 49, 156)
(108, 56, 138)
(108, 57, 132)
(108, 61, 119)
(108, 64, 116)
(108, 77, 102)
(108, 78, 101)
(108, 81, 98)
(108, 83, 96)
(108, 94, 86)
(109, 102, 77)
(109, 110, 71)
(109, 127, 62)
(109, 131, 56)
(109, 48, 170)
(109, 51, 151)
(109, 53, 148)
(109, 55, 142)
(109, 60, 123)
(109, 68, 111)
(109, 71, 107)
(109, 80, 98)
(109, 82, 97)
(109, 88, 89)
(109, 92, 86)
(109, 99, 79)
(110, 107, 74)
(110, 111, 68)
(110, 120, 62)
(110, 128, 61)
(110, 154, 53)
(110, 156, 51)
(110, 195, 46)
(110, 44, 189)
(110, 48, 169)
(110, 52, 144)
(110, 78, 96)
(110, 85, 92)
(110, 97, 81)
(110, 98, 80)
(111, 104, 76)
(111, 108, 72)
(111, 123, 60)
(111, 137, 55)
(111, 150, 53)
(111, 155, 52)
(111, 161, 50)
(111, 190, 46)
(111, 42, 213)
(111, 43, 193)
(111, 48, 163)
(111, 51, 148)
(111, 55, 136)
(111, 61, 117)
(111, 64, 114)
(111, 67, 113)
(111, 70, 110)
(111, 76, 102)
(111, 77, 100)
(111, 95, 83)
(112, 105, 73)
(112, 108, 71)
(112, 110, 69)
(112, 115, 67)
(112, 118, 64)
(112, 128, 59)
(112, 158, 50)
(112, 175, 48)
(112, 47, 164)
(112, 52, 137)
(112, 59, 127)
(112, 60, 121)
(112, 67, 112)
(112, 69, 108)
(112, 71, 105)
(112, 75, 101)
(112, 82, 95)
(112, 89, 87)
(112, 94, 83)
(112, 96, 81)
(112, 98, 79)
(113, 101, 78)
(113, 123, 59)
(113, 146, 51)
(113, 201, 45)
(113, 42, 187)
(113, 43, 163)
(113, 47, 160)
(113, 49, 155)
(113, 50, 150)
(113, 51, 141)
(113, 59, 125)
(113, 63, 114)
(113, 64, 113)
(113, 69, 106)
(113, 73, 101)
(113, 75, 100)
(113, 76, 99)
(113, 77, 98)
(113, 81, 95)
(113, 84, 90)
(113, 86, 88)
(113, 90, 86)
(113, 94, 80)
(114, 103, 76)
(114, 110, 68)
(114, 134, 55)
(114, 151, 50)
(114, 167, 48)
(114, 171, 47)
(114, 180, 46)
(114, 184, 45)
(114, 207, 44)
(114, 41, 187)
(114, 42, 167)
(114, 48, 157)
(114, 49, 154)
(114, 53, 136)
(114, 65, 108)
(114, 72, 104)
(114, 77, 95)
(114, 83, 94)
(114, 91, 83)
(114, 93, 81)
(114, 99, 78)
(115, 100, 77)
(115, 104, 74)
(115, 107, 71)
(115, 111, 66)
(115, 125, 57)
(115, 141, 54)
(115, 148, 50)
(115, 39, 203)
(115, 46, 158)
(115, 55, 135)
(116, 100, 74)
(116, 110, 67)
(116, 119, 62)
(116, 124, 58)
(116, 130, 56)
(116, 142, 53)
(116, 166, 48)
(116, 178, 46)
(116, 190, 44)
(116, 203, 43)
(116, 50, 141)
(116, 51, 140)
(116, 52, 136)
(116, 55, 132)
(116, 56, 131)
(116, 57, 129)
(116, 58, 122)
(116, 64, 111)
(116, 81, 94)
(116, 83, 92)
(116, 98, 78)
(117, 104, 73)
(117, 106, 70)
(117, 113, 65)
(117, 118, 63)
(117, 121, 61)
(117, 122, 60)
(117, 182, 45)
(117, 49, 145)
(117, 57, 118)
(117, 62, 114)
(117, 69, 105)
(117, 71, 104)
(117, 74, 99)
(117, 82, 92)
(117, 83, 89)
(117, 86, 87)
(117, 88, 85)
(117, 96, 78)
(117, 97, 77)
(117, 99, 75)
(118, 103, 73)
(118, 105, 72)
(118, 113, 63)
(118, 139, 53)
(118, 161, 48)
(118, 45, 148)
(118, 53, 134)
(118, 56, 122)
(118, 73, 100)
(118, 91, 82)
(119, 108, 67)
(119, 124, 57)
(119, 144, 52)
(119, 171, 45)
(119, 44, 152)
(119, 62, 113)
(119, 63, 112)
(119, 70, 104)
(119, 71, 102)
(119, 76, 98)
(119, 80, 94)
(119, 82, 91)
(119, 92, 81)
(120, 100, 73)
(120, 101, 72)
(120, 104, 70)
(120, 114, 60)
(120, 121, 59)
(120, 125, 56)
(120, 136, 54)
(120, 159, 47)
(120, 48, 143)
(120, 53, 133)
(120, 55, 125)
(120, 57, 116)
(120, 62, 112)
(120, 68, 107)
(120, 69, 103)
(120, 73, 99)
(120, 75, 96)
(120, 79, 94)
(120, 80, 93)
(120, 87, 84)
(120, 90, 82)
(121, 111, 63)
(121, 136, 52)
(121, 152, 49)
(121, 156, 48)
(121, 193, 43)
(121, 228, 41)
(121, 37, 197)
(121, 40, 190)
(121, 41, 171)
(121, 54, 129)
(121, 56, 120)
(121, 64, 110)
(121, 67, 106)
(121, 71, 100)
(121, 80, 89)
(121, 95, 78)
(121, 97, 75)
(122, 103, 69)
(122, 107, 68)
(122, 131, 55)
(122, 141, 51)
(122, 161, 45)
(122, 207, 42)
(122, 40, 182)
(122, 44, 151)
(122, 52, 123)
(122, 62, 111)
(122, 66, 104)
(122, 79, 93)
(122, 84, 87)
(122, 90, 81)
(123, 102, 69)
(123, 105, 67)
(123, 120, 59)
(123, 179, 44)
(123, 190, 43)
(123, 41, 170)
(123, 43, 155)
(123, 48, 141)
(123, 51, 127)
(123, 61, 115)
(123, 63, 109)
(123, 70, 100)
(123, 77, 94)
(123, 83, 84)
(123, 88, 83)
(123, 94, 79)
(124, 103, 68)
(124, 109, 66)
(124, 110, 65)
(124, 113, 60)
(124, 115, 58)
(124, 123, 57)
(124, 127, 53)
(124, 138, 50)
(124, 209, 41)
(124, 39, 194)
(124, 40, 174)
(124, 47, 146)
(124, 48, 136)
(124, 61, 113)
(124, 67, 103)
(124, 73, 95)
(124, 75, 94)
(124, 77, 93)
(124, 79, 91)
(124, 89, 81)
(124, 92, 79)
(124, 94, 76)
(124, 96, 73)
(125, 100, 72)
(125, 107, 66)
(125, 109, 65)
(125, 125, 55)
(125, 153, 47)
(125, 174, 43)
(125, 36, 193)
(125, 39, 186)
(125, 47, 140)
(125, 52, 121)
(125, 59, 110)
(125, 64, 108)
(125, 65, 104)
(125, 66, 103)
(125, 71, 99)
(125, 72, 97)
(125, 76, 92)
(125, 77, 91)
(125, 79, 88)
(125, 82, 86)
(125, 90, 79)
(125, 91, 77)
(125, 93, 76)
(126, 122, 57)
(126, 124, 54)
(126, 146, 48)
(126, 159, 46)
(126, 167, 44)
(126, 34, 209)
(126, 35, 185)
(126, 38, 178)
(126, 51, 125)
(126, 55, 112)
(126, 62, 108)
(126, 72, 94)
(126, 98, 70)
(127, 106, 66)
(127, 123, 54)
(127, 134, 51)
(127, 172, 42)
(127, 232, 40)
(127, 33, 209)
(127, 34, 189)
(127, 37, 182)
(127, 49, 134)
(127, 54, 116)
(127, 61, 109)
(127, 68, 101)
(127, 71, 98)
(127, 85, 81)
(127, 95, 74)
(128, 105, 65)
(128, 109, 63)
(128, 117, 55)
(128, 132, 51)
(128, 165, 44)
(128, 169, 43)
(128, 190, 41)
(128, 46, 146)
(128, 53, 118)
(128, 59, 108)
(128, 65, 102)
(128, 66, 101)
(128, 68, 99)
(128, 81, 85)
(128, 88, 80)
(128, 92, 76)
(128, 94, 74)
(129, 111, 59)
(129, 137, 50)
(129, 144, 49)
(129, 158, 46)
(129, 42, 159)
(129, 51, 124)
(129, 55, 110)
(129, 62, 106)
(129, 75, 93)
(129, 76, 91)
(129, 93, 74)
(129, 97, 71)
(130, 104, 67)
(130, 107, 64)
(130, 108, 62)
(130, 121, 54)
(130, 151, 46)
(130, 168, 43)
(130, 181, 41)
(130, 188, 40)
(130, 41, 167)
(130, 44, 147)
(130, 50, 128)
(130, 54, 114)
(130, 61, 107)
(130, 78, 90)
(130, 90, 76)
(131, 101, 66)
(131, 110, 60)
(131, 129, 50)
(131, 143, 49)
(131, 151, 45)
(131, 37, 170)
(131, 40, 163)
(131, 43, 151)
(131, 44, 143)
(131, 48, 134)
(131, 59, 106)
(131, 62, 104)
(131, 68, 97)
(131, 71, 96)
(131, 74, 92)
(131, 76, 90)
(131, 77, 85)
(131, 84, 81)
(131, 89, 79)
(131, 96, 70)
(132, 100, 68)
(132, 106, 61)
(132, 109, 59)
(132, 116, 55)
(132, 134, 49)
(132, 148, 46)
(132, 36, 174)
(132, 39, 167)
(132, 42, 158)
(132, 43, 147)
(132, 47, 138)
(132, 56, 107)
(132, 63, 103)
(132, 70, 95)
(132, 74, 90)
(132, 76, 89)
(132, 80, 84)
(132, 87, 80)
(132, 93, 73)
(132, 95, 71)
(133, 103, 65)
(133, 105, 61)
(133, 114, 58)
(133, 124, 53)
(133, 163, 43)
(133, 176, 41)
(133, 41, 162)
(133, 46, 131)
(133, 73, 87)
(133, 85, 78)
(133, 91, 75)
(133, 92, 74)
(133, 99, 68)
(134, 113, 57)
(134, 125, 52)
(134, 141, 48)
(134, 32, 212)
(134, 33, 193)
(134, 45, 135)
(134, 57, 106)
(134, 63, 98)
(134, 70, 94)
(134, 72, 90)
(134, 83, 82)
(134, 89, 77)
(135, 100, 66)
(135, 104, 64)
(135, 145, 47)
(135, 153, 44)
(135, 206, 39)
(135, 32, 204)
(135, 36, 173)
(135, 39, 166)
(135, 51, 123)
(135, 54, 112)
(135, 69, 95)
(135, 70, 92)
(135, 76, 84)
(135, 82, 83)
(135, 83, 80)
(135, 89, 75)
(136, 101, 62)
(136, 108, 60)
(136, 133, 49)
(136, 138, 48)
(136, 142, 47)
(136, 180, 40)
(136, 192, 39)
(136, 35, 177)
(136, 53, 116)
(136, 67, 97)
(136, 74, 86)
(136, 80, 83)
(136, 81, 82)
(136, 84, 79)
(136, 88, 72)
(136, 97, 68)
(137, 114, 55)
(137, 127, 51)
(137, 147, 45)
(137, 170, 41)
(137, 40, 158)
(137, 42, 152)
(137, 49, 129)
(137, 62, 101)
(137, 75, 84)
(137, 78, 83)
(137, 82, 81)
(137, 84, 77)
(137, 95, 70)
(137, 98, 65)
(138, 104, 61)
(138, 117, 53)
(138, 142, 46)
(138, 169, 42)
(138, 28, 215)
(138, 31, 208)
(138, 39, 162)
(138, 40, 149)
(138, 50, 126)
(138, 51, 121)
(138, 52, 116)
(138, 61, 105)
(138, 69, 92)
(138, 96, 69)
(139, 141, 46)
(139, 161, 41)
(139, 187, 39)
(139, 30, 200)
(139, 39, 153)
(139, 51, 120)
(139, 60, 105)
(139, 66, 94)
(139, 72, 89)
(139, 86, 76)
(140, 103, 60)
(140, 110, 58)
(140, 144, 44)
(140, 159, 43)
(140, 186, 39)
(140, 29, 204)
(140, 32, 197)
(140, 43, 144)
(140, 70, 91)
(140, 90, 69)
(140, 97, 66)
(141, 104, 58)
(141, 113, 56)
(141, 140, 47)
(141, 210, 38)
(141, 38, 168)
(141, 50, 123)
(141, 52, 114)
(141, 55, 108)
(141, 59, 104)
(141, 65, 97)
(141, 67, 88)
(141, 74, 84)
(141, 79, 82)
(141, 81, 80)
(141, 82, 79)
(141, 95, 68)
(141, 99, 62)
(142, 101, 61)
(142, 112, 56)
(142, 116, 54)
(142, 123, 52)
(142, 199, 38)
(142, 42, 142)
(142, 48, 125)
(142, 51, 118)
(142, 58, 105)
(142, 60, 103)
(142, 65, 94)
(142, 66, 92)
(142, 77, 83)
(142, 81, 79)
(142, 83, 76)
(142, 87, 73)
(143, 116, 53)
(143, 131, 47)
(143, 138, 46)
(143, 151, 43)
(143, 156, 42)
(143, 163, 40)
(143, 33, 192)
(143, 34, 181)
(143, 36, 169)
(143, 44, 138)
(143, 47, 129)
(143, 55, 107)
(143, 62, 98)
(143, 64, 93)
(143, 80, 81)
(143, 96, 67)
(144, 105, 57)
(144, 120, 52)
(144, 125, 51)
(144, 128, 50)
(144, 143, 45)
(144, 166, 39)
(144, 32, 185)
(144, 35, 173)
(144, 36, 165)
(144, 43, 137)
(144, 52, 107)
(144, 55, 106)
(144, 59, 103)
(144, 61, 102)
(144, 62, 93)
(144, 82, 73)
(144, 89, 69)
(144, 94, 68)
(145, 103, 58)
(145, 107, 56)
(145, 117, 50)
(145, 130, 48)
(145, 150, 42)
(145, 191, 38)
(145, 31, 189)
(145, 35, 169)
(145, 38, 153)
(145, 42, 141)
(145, 44, 133)
(145, 48, 122)
(145, 51, 111)
(145, 57, 105)
(145, 61, 97)
(145, 66, 87)
(145, 73, 83)
(145, 80, 79)
(145, 81, 77)
(145, 92, 68)
(146, 114, 54)
(146, 116, 50)
(146, 137, 45)
(146, 148, 43)
(146, 190, 38)
(146, 27, 235)
(146, 29, 203)
(146, 41, 146)
(146, 47, 126)
(146, 50, 121)
(146, 55, 105)
(146, 59, 100)
(146, 65, 91)
(146, 76, 82)
(146, 79, 78)
(146, 87, 72)
(147, 113, 53)
(147, 143, 44)
(147, 28, 208)
(147, 37, 157)
(147, 49, 120)
(147, 58, 103)
(147, 60, 96)
(148, 102, 59)
(148, 104, 57)
(148, 129, 49)
(148, 203, 37)
(148, 27, 219)
(148, 31, 188)
(148, 34, 178)
(148, 45, 128)
(148, 46, 127)
(148, 48, 120)
(148, 50, 119)
(148, 64, 90)
(148, 71, 86)
(148, 77, 81)
(148, 89, 68)
(148, 90, 67)
(148, 95, 66)
(148, 96, 64)
(148, 97, 61)
(149, 112, 55)
(149, 114, 50)
(149, 127, 48)
(149, 134, 44)
(149, 160, 41)
(149, 30, 192)
(149, 44, 131)
(149, 47, 124)
(149, 62, 92)
(149, 94, 66)
(149, 95, 64)
(150, 106, 56)
(150, 124, 49)
(150, 170, 38)
(150, 33, 179)
(150, 34, 174)
(150, 43, 135)
(150, 58, 101)
(150, 77, 79)
(150, 80, 76)
(150, 87, 71)
(151, 123, 49)
(151, 141, 43)
(151, 148, 42)
(151, 154, 41)
(151, 168, 38)
(151, 23, 230)
(151, 32, 171)
(151, 35, 164)
(151, 36, 160)
(151, 40, 146)
(151, 45, 126)
(151, 49, 117)
(151, 54, 105)
(151, 57, 102)
(151, 62, 91)
(152, 128, 47)
(152, 151, 41)
(152, 197, 37)
(152, 29, 197)
(152, 31, 175)
(152, 34, 168)
(152, 38, 151)
(152, 39, 150)
(152, 44, 130)
(152, 47, 123)
(152, 75, 82)
(152, 77, 77)
(152, 84, 72)
(152, 88, 70)
(152, 92, 64)
(153, 106, 53)
(153, 131, 44)
(153, 161, 39)
(153, 27, 212)
(153, 30, 187)
(153, 37, 155)
(153, 42, 131)
(153, 47, 122)
(153, 48, 118)
(153, 49, 114)
(153, 75, 81)
(154, 103, 56)
(154, 121, 49)
(154, 147, 41)
(154, 184, 36)
(154, 39, 149)
(154, 40, 143)
(154, 41, 135)
(154, 46, 123)
(154, 57, 100)
(154, 72, 85)
(154, 74, 81)
(154, 77, 76)
(154, 84, 71)
(155, 101, 59)
(155, 28, 204)
(155, 34, 164)
(155, 39, 146)
(155, 49, 113)
(155, 51, 110)
(155, 56, 104)
(155, 72, 83)
(156, 182, 37)
(156, 26, 215)
(156, 27, 211)
(156, 29, 195)
(156, 35, 163)
(156, 36, 159)
(156, 37, 154)
(156, 38, 150)
(156, 44, 129)
(156, 47, 115)
(156, 50, 109)
(156, 81, 75)
(156, 87, 69)
(157, 144, 40)
(157, 159, 39)
(157, 172, 37)
(157, 28, 202)
(157, 29, 189)
(157, 35, 159)
(157, 36, 158)
(157, 37, 153)
(157, 40, 141)
(157, 46, 119)
(157, 59, 97)
(157, 72, 81)
(157, 80, 75)
(157, 83, 72)
(157, 99, 58)
(158, 101, 57)
(158, 104, 55)
(158, 113, 52)
(158, 129, 46)
(158, 28, 193)
(158, 30, 175)
(158, 33, 168)
(158, 34, 163)
(158, 36, 155)
(158, 45, 122)
(158, 56, 103)
(158, 58, 98)
(158, 81, 73)
(158, 86, 70)
(158, 95, 63)
(158, 97, 60)
(159, 126, 48)
(159, 152, 39)
(159, 163, 38)
(159, 24, 218)
(159, 33, 167)
(159, 34, 158)
(159, 36, 153)
(159, 38, 148)
(159, 39, 145)
(159, 40, 135)
(159, 44, 126)
(159, 54, 104)
(159, 55, 100)
(159, 64, 86)
(159, 80, 74)
(159, 96, 60)
(160, 124, 47)
(160, 139, 43)
(160, 176, 36)
(160, 188, 35)
(160, 33, 162)
(160, 35, 157)
(160, 38, 140)
(160, 39, 138)
(160, 51, 107)
(160, 52, 100)
(160, 59, 96)
(160, 61, 95)
(160, 71, 84)
(160, 76, 80)
(161, 105, 52)
(161, 128, 46)
(161, 135, 43)
(161, 141, 40)
(161, 37, 144)
(161, 41, 133)
(161, 45, 120)
(161, 51, 104)
(161, 57, 98)
(161, 85, 70)
(161, 88, 68)
(161, 94, 62)
(161, 97, 59)
(162, 101, 56)
(162, 116, 49)
(162, 149, 38)
(162, 36, 152)
(162, 40, 133)
(162, 43, 128)
(162, 44, 124)
(162, 50, 108)
(162, 55, 98)
(162, 61, 94)
(162, 70, 85)
(162, 74, 80)
(162, 79, 71)
(162, 87, 68)
(162, 90, 66)
(162, 91, 62)
(163, 130, 45)
(163, 25, 201)
(163, 35, 156)
(163, 39, 137)
(163, 48, 113)
(163, 49, 112)
(163, 58, 96)
(163, 65, 84)
(163, 75, 78)
(163, 86, 68)
(164, 118, 48)
(164, 27, 186)
(164, 28, 182)
(164, 46, 117)
(164, 48, 107)
(164, 62, 90)
(164, 64, 84)
(164, 71, 80)
(164, 72, 79)
(164, 84, 70)
(164, 89, 61)
(164, 96, 57)
(165, 102, 52)
(165, 112, 50)
(165, 129, 45)
(165, 161, 37)
(165, 22, 234)
(165, 24, 212)
(165, 26, 190)
(165, 30, 172)
(165, 36, 151)
(165, 41, 130)
(165, 43, 126)
(165, 47, 111)
(165, 59, 95)
(165, 63, 88)
(165, 70, 83)
(165, 85, 69)
(165, 88, 65)
(165, 94, 59)
(165, 95, 57)
(166, 115, 48)
(166, 195, 34)
(166, 29, 176)
(166, 32, 170)
(166, 33, 155)
(166, 34, 153)
(166, 36, 150)
(166, 42, 128)
(166, 44, 121)
(166, 58, 94)
(166, 60, 92)
(166, 62, 89)
(166, 77, 72)
(166, 80, 69)
(166, 84, 68)
(166, 87, 67)
(167, 122, 46)
(167, 132, 42)
(167, 179, 34)
(167, 31, 167)
(167, 32, 166)
(167, 38, 133)
(167, 43, 125)
(167, 48, 106)
(167, 57, 94)
(167, 62, 84)
(167, 69, 83)
(168, 111, 51)
(168, 121, 47)
(168, 130, 44)
(168, 146, 39)
(168, 153, 37)
(168, 30, 171)
(168, 34, 151)
(168, 36, 146)
(168, 37, 136)
(168, 42, 127)
(168, 43, 124)
(168, 45, 116)
(168, 47, 110)
(168, 61, 91)
(168, 74, 78)
(169, 126, 45)
(169, 131, 43)
(169, 151, 37)
(169, 172, 36)
(169, 24, 210)
(169, 32, 164)
(169, 35, 149)
(169, 36, 140)
(169, 42, 126)
(169, 44, 120)
(169, 87, 66)
(169, 92, 57)
(170, 107, 49)
(170, 117, 45)
(170, 32, 163)
(170, 38, 131)
(170, 61, 90)
(170, 66, 83)
(170, 69, 81)
(170, 72, 78)
(170, 77, 69)
(171, 140, 41)
(171, 20, 248)
(171, 22, 226)
(171, 25, 190)
(171, 26, 189)
(171, 32, 160)
(171, 33, 147)
(171, 37, 135)
(171, 44, 116)
(171, 75, 77)
(171, 98, 55)
(172, 116, 46)
(172, 127, 44)
(172, 137, 41)
(172, 167, 35)
(172, 199, 33)
(172, 23, 219)
(172, 26, 180)
(172, 32, 151)
(172, 43, 120)
(172, 46, 114)
(172, 50, 102)
(172, 59, 93)
(173, 105, 51)
(173, 166, 36)
(173, 171, 34)
(173, 183, 33)
(173, 23, 206)
(173, 24, 205)
(173, 25, 184)
(173, 31, 164)
(173, 39, 128)
(173, 45, 115)
(173, 82, 68)
(173, 87, 65)
(173, 88, 64)
(174, 104, 49)
(174, 135, 40)
(174, 165, 36)
(174, 28, 175)
(174, 31, 160)
(174, 58, 90)
(174, 67, 81)
(174, 75, 75)
(174, 76, 74)
(174, 81, 66)
(175, 114, 46)
(175, 124, 44)
(175, 130, 42)
(175, 134, 40)
(175, 142, 38)
(175, 155, 36)
(175, 27, 179)
(175, 30, 164)
(175, 34, 145)
(175, 40, 127)
(175, 57, 92)
(175, 72, 77)
(176, 129, 42)
(176, 20, 216)
(176, 29, 173)
(176, 34, 144)
(176, 35, 142)
(176, 43, 114)
(176, 51, 100)
(176, 56, 96)
(176, 60, 89)
(176, 61, 86)
(176, 70, 80)
(177, 107, 48)
(177, 141, 39)
(177, 22, 212)
(177, 28, 169)
(177, 29, 168)
(177, 30, 162)
(177, 31, 159)
(177, 41, 126)
(177, 42, 118)
(177, 46, 113)
(177, 54, 99)
(177, 55, 96)
(177, 97, 52)
(178, 128, 43)
(178, 159, 35)
(178, 24, 198)
(178, 27, 173)
(178, 36, 137)
(178, 45, 110)
(178, 50, 101)
(178, 55, 95)
(178, 56, 92)
(178, 64, 81)
(178, 82, 64)
(178, 96, 56)
(179, 122, 43)
(179, 131, 40)
(179, 132, 39)
(179, 190, 32)
(179, 29, 167)
(179, 31, 145)
(179, 34, 142)
(179, 35, 141)
(179, 41, 125)
(179, 46, 108)
(179, 48, 105)
(179, 59, 89)
(180, 130, 41)
(180, 147, 37)
(180, 30, 149)
(180, 37, 133)
(180, 40, 124)
(180, 48, 100)
(180, 57, 91)
(181, 23, 201)
(181, 24, 194)
(181, 34, 140)
(181, 41, 122)
(181, 43, 113)
(181, 47, 104)
(181, 53, 99)
(181, 59, 88)
(181, 70, 79)
(181, 71, 77)
(181, 87, 62)
(181, 94, 52)
(182, 145, 36)
(182, 156, 35)
(182, 165, 34)
(182, 26, 175)
(182, 29, 160)
(182, 35, 139)
(182, 38, 129)
(182, 39, 123)
(182, 42, 117)
(182, 54, 98)
(182, 62, 82)
(182, 74, 74)
(182, 79, 64)
(182, 93, 56)
(183, 119, 43)
(183, 144, 36)
(183, 25, 179)
(183, 28, 164)
(183, 33, 144)
(183, 37, 132)
(183, 38, 127)
(183, 53, 98)
(183, 57, 87)
(183, 72, 76)
(183, 78, 68)
(184, 127, 41)
(184, 178, 33)
(184, 21, 204)
(184, 27, 171)
(184, 33, 142)
(184, 34, 138)
(184, 36, 136)
(184, 45, 109)
(184, 74, 73)
(185, 136, 38)
(185, 162, 33)
(185, 194, 31)
(185, 27, 169)
(185, 29, 159)
(185, 35, 133)
(185, 46, 107)
(185, 52, 98)
(185, 55, 94)
(185, 77, 67)
(186, 101, 51)
(186, 161, 34)
(186, 188, 32)
(186, 23, 200)
(186, 26, 173)
(186, 29, 158)
(186, 34, 137)
(186, 37, 131)
(186, 40, 121)
(186, 50, 99)
(186, 72, 72)
(186, 91, 60)
(187, 105, 48)
(187, 141, 36)
(187, 155, 35)
(187, 191, 31)
(187, 24, 188)
(187, 33, 141)
(187, 36, 129)
(187, 44, 106)
(187, 69, 80)
(187, 86, 63)
(188, 113, 47)
(188, 116, 45)
(188, 157, 34)
(188, 33, 139)
(188, 35, 131)
(188, 38, 122)
(188, 41, 120)
(188, 43, 110)
(189, 126, 41)
(189, 22, 194)
(189, 23, 190)
(189, 24, 183)
(189, 32, 143)
(189, 34, 135)
(189, 37, 126)
(189, 67, 78)
(190, 111, 47)
(190, 114, 44)
(190, 182, 32)
(190, 19, 220)
(190, 21, 198)
(190, 24, 173)
(190, 27, 158)
(190, 37, 121)
(190, 40, 118)
(190, 53, 93)
(190, 60, 86)
(190, 89, 59)
(191, 102, 48)
(191, 149, 35)
(191, 154, 33)
(191, 166, 32)
(191, 23, 177)
(191, 26, 162)
(191, 36, 125)
(191, 41, 115)
(191, 61, 84)
(191, 66, 80)
(192, 28, 153)
(192, 31, 140)
(192, 43, 107)
(193, 120, 41)
(193, 195, 30)
(193, 27, 157)
(193, 30, 144)
(193, 42, 111)
(193, 46, 105)
(193, 52, 97)
(193, 56, 90)
(193, 64, 79)
(194, 32, 135)
(194, 34, 131)
(194, 39, 120)
(194, 40, 115)
(194, 45, 103)
(194, 52, 94)
(195, 146, 35)
(195, 151, 33)
(195, 31, 139)
(195, 39, 119)
(195, 48, 98)
(195, 74, 71)
(195, 81, 63)
(196, 109, 47)
(196, 17, 234)
(196, 19, 212)
(196, 39, 118)
(196, 41, 114)
(196, 47, 102)
(196, 59, 86)
(196, 76, 68)
(197, 117, 41)
(197, 173, 31)
(197, 20, 205)
(197, 43, 106)
(197, 49, 97)
(197, 62, 80)
(197, 79, 62)
(198, 127, 40)
(198, 35, 128)
(198, 39, 116)
(198, 42, 110)
(198, 53, 92)
(198, 57, 85)
(198, 74, 67)
(198, 78, 66)
(199, 112, 45)
(199, 115, 43)
(199, 22, 188)
(199, 38, 120)
(199, 39, 113)
(199, 56, 89)
(199, 73, 71)
(200, 28, 149)
(200, 33, 134)
(200, 38, 117)
(201, 27, 153)
(201, 41, 109)
(201, 55, 90)
(201, 68, 77)
(202, 124, 40)
(202, 19, 198)
(202, 202, 29)
(202, 32, 129)
(202, 44, 104)
(202, 50, 92)
(202, 86, 61)
(203, 112, 43)
(203, 177, 30)
(203, 22, 182)
(203, 29, 147)
(203, 31, 133)
(204, 30, 142)
(204, 39, 112)
(205, 140, 37)
(205, 174, 30)
(205, 21, 193)
(205, 24, 172)
(205, 35, 122)
(205, 38, 116)
(205, 53, 91)
(205, 60, 84)
(205, 65, 77)
(206, 34, 126)
(206, 37, 114)
(206, 46, 99)
(207, 36, 118)
(207, 56, 88)
(207, 60, 83)
(208, 25, 168)
(208, 88, 60)
(209, 25, 158)
(209, 46, 98)
(209, 69, 74)
(210, 24, 162)
(210, 71, 73)
(211, 178, 29)
(211, 29, 138)
(211, 40, 111)
(212, 21, 188)
(212, 23, 174)
(212, 28, 142)
(212, 88, 59)
(213, 163, 32)
(213, 33, 120)
(213, 42, 105)
(213, 53, 90)
(213, 70, 72)
(213, 77, 66)
(213, 84, 61)
(214, 18, 224)
(214, 27, 151)
(214, 32, 124)
(215, 18, 219)
(215, 20, 197)
(215, 26, 155)
(216, 21, 177)
(217, 17, 223)
(217, 30, 137)
(217, 35, 119)
(217, 50, 90)
(217, 67, 72)
(218, 150, 34)
(218, 36, 117)
(218, 49, 94)
(218, 66, 76)
(219, 23, 172)
(219, 54, 89)
(220, 185, 28)
(220, 60, 82)
(221, 167, 31)
(221, 20, 183)
(221, 23, 168)
(222, 56, 86)
(222, 73, 68)
(223, 27, 150)
(223, 63, 79)
(224, 25, 157)
(224, 46, 96)
(225, 164, 31)
(225, 45, 100)
(226, 25, 153)
(230, 161, 31)
(230, 27, 146)
(231, 31, 132)
(235, 19, 190)
(235, 22, 162)
(235, 24, 161)
(237, 26, 144)
(238, 24, 157)
(238, 55, 88)
(240, 28, 139)
(244, 21, 170)
(246, 25, 152)
(26, 217, 200)
(26, 229, 196)
(27, 192, 211)
(27, 200, 208)
(27, 201, 205)
(27, 212, 204)
(27, 213, 201)
(28, 187, 194)
(28, 195, 178)
(28, 236, 174)
(29, 175, 211)
(29, 176, 208)
(29, 182, 192)
(29, 183, 178)
(29, 214, 175)
(29, 226, 171)
(30, 158, 185)
(30, 171, 178)
(30, 209, 177)
(31, 157, 195)
(31, 169, 184)
(31, 182, 177)
(31, 184, 176)
(31, 191, 175)
(31, 192, 160)
(31, 202, 156)
(31, 211, 153)
(31, 233, 149)
(32, 142, 194)
(32, 155, 187)
(32, 162, 182)
(32, 171, 168)
(32, 180, 160)
(32, 190, 156)
(32, 199, 153)
(32, 207, 150)
(33, 142, 190)
(33, 147, 178)
(33, 155, 162)
(33, 168, 160)
(33, 178, 156)
(33, 187, 153)
(33, 195, 150)
(33, 232, 148)
(34, 142, 176)
(34, 143, 162)
(34, 168, 157)
(34, 178, 144)
(34, 187, 141)
(34, 203, 135)
(35, 130, 184)
(35, 136, 180)
(35, 139, 176)
(35, 141, 167)
(35, 155, 160)
(35, 165, 158)
(35, 166, 144)
(35, 175, 141)
(36, 130, 180)
(36, 133, 172)
(36, 144, 160)
(36, 152, 144)
(36, 182, 137)
(36, 187, 131)
(37, 132, 167)
(37, 139, 158)
(37, 140, 144)
(37, 161, 141)
(37, 162, 138)
(37, 167, 134)
(37, 176, 131)
(37, 193, 129)
(38, 125, 196)
(38, 127, 166)
(38, 133, 162)
(38, 137, 158)
(38, 138, 149)
(38, 152, 143)
(38, 155, 134)
(38, 164, 131)
(38, 200, 128)
(38, 204, 125)
(39, 120, 194)
(39, 121, 180)
(39, 126, 167)
(39, 127, 162)
(39, 130, 154)
(39, 140, 143)
(39, 145, 137)
(39, 148, 135)
(39, 156, 132)
(39, 157, 131)
(39, 158, 130)
(39, 161, 128)
(39, 173, 124)
(39, 195, 120)
(40, 118, 206)
(40, 120, 157)
(40, 123, 155)
(40, 129, 149)
(40, 136, 146)
(40, 139, 145)
(40, 142, 142)
(40, 173, 122)
(40, 182, 119)
(41, 118, 202)
(41, 119, 187)
(41, 127, 153)
(41, 133, 147)
(41, 134, 140)
(41, 138, 137)
(41, 141, 131)
(41, 151, 130)
(41, 154, 128)
(41, 171, 127)
(41, 175, 119)
(41, 179, 116)
(42, 115, 171)
(42, 118, 162)
(42, 123, 149)
(42, 129, 144)
(42, 138, 135)
(42, 144, 123)
(42, 147, 121)
(42, 165, 118)
(42, 192, 115)
(42, 194, 109)
(43, 114, 183)
(43, 117, 139)
(43, 120, 137)
(43, 127, 136)
(43, 130, 132)
(43, 133, 130)
(43, 158, 118)
(43, 160, 117)
(43, 172, 116)
(43, 192, 114)
(44, 110, 190)
(44, 116, 169)
(44, 142, 126)
(44, 157, 120)
(44, 165, 109)
(44, 190, 107)
(44, 210, 106)
(45, 108, 179)
(45, 109, 167)
(45, 112, 153)
(45, 117, 138)
(45, 120, 136)
(45, 126, 126)
(45, 137, 124)
(45, 147, 119)
(45, 150, 117)
(45, 165, 108)
(45, 168, 106)
(45, 195, 105)
(46, 111, 165)
(46, 116, 152)
(46, 141, 116)
(46, 159, 115)
(46, 191, 102)
(47, 104, 181)
(47, 112, 152)
(47, 123, 129)
(47, 126, 125)
(47, 131, 124)
(47, 136, 122)
(47, 161, 106)
(47, 164, 104)
(47, 186, 94)
(48, 103, 193)
(48, 105, 161)
(48, 113, 151)
(48, 114, 144)
(48, 116, 136)
(48, 118, 128)
(48, 121, 123)
(48, 124, 121)
(48, 147, 111)
(48, 156, 109)
(48, 169, 102)
(49, 100, 165)
(49, 105, 152)
(49, 108, 151)
(49, 115, 139)
(49, 123, 120)
(49, 131, 119)
(49, 137, 117)
(49, 144, 112)
(49, 147, 110)
(49, 160, 107)
(49, 162, 101)
(49, 180, 100)
(49, 182, 92)
(50, 107, 150)
(50, 111, 147)
(50, 112, 137)
(50, 118, 127)
(50, 119, 126)
(50, 142, 109)
(50, 159, 108)
(50, 187, 90)
(50, 97, 189)
(51, 102, 150)
(51, 110, 141)
(51, 115, 134)
(51, 123, 119)
(51, 135, 114)
(51, 142, 108)
(51, 145, 106)
(51, 157, 105)
(51, 158, 99)
(51, 176, 98)
(52, 101, 163)
(52, 105, 140)
(52, 111, 127)
(52, 118, 116)
(52, 126, 115)
(52, 134, 114)
(52, 141, 113)
(52, 144, 105)
(52, 150, 104)
(52, 154, 103)
(52, 163, 97)
(52, 168, 95)
(52, 185, 91)
(52, 98, 182)
(52, 99, 175)
(53, 100, 163)
(53, 101, 153)
(53, 102, 149)
(53, 114, 124)
(53, 135, 113)
(53, 138, 106)
(53, 141, 104)
(53, 163, 94)
(53, 180, 93)
(53, 94, 178)
(53, 96, 166)
(54, 100, 161)
(54, 105, 139)
(54, 126, 114)
(54, 130, 112)
(54, 131, 111)
(54, 133, 110)
(54, 140, 103)
(54, 152, 102)
(54, 161, 95)
(54, 164, 93)
(54, 192, 87)
(55, 103, 143)
(55, 110, 137)
(55, 114, 123)
(55, 115, 119)
(55, 121, 112)
(55, 124, 110)
(55, 136, 109)
(55, 137, 107)
(55, 139, 101)
(55, 147, 100)
(55, 157, 99)
(55, 159, 92)
(55, 169, 91)
(55, 183, 90)
(55, 90, 162)
(55, 94, 158)
(55, 97, 151)
(56, 100, 141)
(56, 106, 134)
(56, 130, 109)
(56, 134, 108)
(56, 162, 90)
(56, 181, 89)
(56, 185, 88)
(56, 188, 85)
(56, 93, 152)
(57, 108, 130)
(57, 109, 124)
(57, 115, 118)
(57, 119, 115)
(57, 134, 105)
(57, 135, 99)
(57, 143, 98)
(57, 153, 97)
(57, 174, 88)
(57, 186, 87)
(57, 191, 81)
(57, 87, 187)
(57, 97, 147)
(58, 107, 132)
(58, 108, 129)
(58, 114, 119)
(58, 127, 105)
(58, 140, 98)
(58, 142, 97)
(58, 145, 95)
(58, 157, 92)
(58, 158, 88)
(58, 184, 86)
(58, 89, 172)
(59, 105, 135)
(59, 111, 116)
(59, 118, 105)
(59, 134, 103)
(59, 151, 94)
(59, 155, 93)
(59, 163, 86)
(59, 187, 79)
(59, 87, 163)
(59, 90, 160)
(59, 96, 150)
(60, 100, 134)
(60, 104, 129)
(60, 106, 122)
(60, 114, 115)
(60, 130, 103)
(60, 132, 102)
(60, 138, 95)
(60, 141, 93)
(60, 171, 85)
(60, 173, 84)
(60, 181, 81)
(60, 192, 77)
(60, 85, 164)
(60, 88, 155)
(60, 92, 153)
(60, 95, 143)
(61, 102, 128)
(61, 104, 127)
(61, 117, 113)
(61, 131, 100)
(61, 146, 92)
(61, 151, 91)
(61, 161, 87)
(61, 179, 83)
(61, 83, 188)
(61, 90, 152)
(61, 93, 150)
(61, 99, 141)
(62, 100, 133)
(62, 103, 123)
(62, 106, 119)
(62, 115, 112)
(62, 117, 109)
(62, 128, 104)
(62, 136, 98)
(62, 139, 90)
(62, 165, 85)
(62, 166, 84)
(62, 167, 83)
(62, 169, 82)
(62, 177, 79)
(62, 81, 172)
(62, 94, 149)
(62, 95, 142)
(62, 96, 141)
(63, 101, 118)
(63, 114, 114)
(63, 126, 101)
(63, 127, 100)
(63, 129, 99)
(63, 137, 96)
(63, 151, 88)
(63, 161, 85)
(63, 168, 81)
(63, 174, 80)
(63, 182, 77)
(63, 84, 162)
(63, 86, 161)
(63, 88, 154)
(63, 98, 138)
(63, 99, 126)
(64, 109, 111)
(64, 125, 102)
(64, 128, 99)
(64, 135, 88)
(64, 167, 79)
(64, 179, 77)
(64, 80, 167)
(64, 83, 155)
(64, 90, 151)
(64, 91, 146)
(64, 93, 139)
(64, 96, 136)
(64, 98, 135)
(65, 101, 117)
(65, 124, 104)
(65, 131, 98)
(65, 140, 87)
(65, 147, 86)
(65, 157, 83)
(65, 164, 79)
(65, 184, 75)
(65, 78, 191)
(65, 82, 164)
(65, 88, 153)
(65, 90, 140)
(65, 94, 136)
(65, 97, 129)
(66, 107, 112)
(66, 109, 110)
(66, 117, 100)
(66, 134, 96)
(66, 148, 85)
(66, 150, 84)
(66, 158, 81)
(66, 163, 77)
(66, 192, 74)
(66, 79, 174)
(66, 87, 154)
(66, 95, 135)
(66, 96, 128)
(67, 114, 104)
(67, 123, 94)
(67, 156, 83)
(67, 168, 75)
(67, 191, 74)
(67, 76, 166)
(67, 79, 165)
(67, 80, 162)
(67, 88, 149)
(67, 89, 130)
(67, 96, 119)
(68, 103, 114)
(68, 107, 111)
(68, 108, 109)
(68, 143, 84)
(68, 144, 83)
(68, 146, 82)
(68, 154, 79)
(68, 180, 73)
(68, 188, 72)
(68, 75, 167)
(68, 85, 154)
(68, 87, 153)
(68, 88, 147)
(69, 103, 112)
(69, 121, 97)
(69, 128, 93)
(69, 138, 85)
(69, 151, 81)
(69, 159, 78)
(69, 166, 76)
(69, 193, 70)
(69, 80, 159)
(69, 82, 152)
(69, 84, 148)
(69, 87, 145)
(69, 93, 129)
(70, 102, 113)
(70, 108, 108)
(70, 110, 107)
(70, 115, 103)
(70, 117, 96)
(70, 144, 79)
(70, 156, 77)
(70, 171, 74)
(70, 188, 68)
(70, 74, 174)
(70, 80, 157)
(70, 83, 149)
(70, 86, 147)
(70, 88, 140)
(70, 92, 129)
(70, 95, 124)
(71, 108, 106)
(71, 112, 104)
(71, 115, 101)
(71, 125, 91)
(71, 134, 83)
(71, 161, 76)
(71, 176, 72)
(71, 71, 177)
(71, 73, 167)
(71, 76, 164)
(71, 79, 162)
(71, 80, 155)
(71, 81, 142)
(71, 87, 137)
(71, 88, 131)
(71, 93, 128)
(72, 103, 110)
(72, 112, 101)
(72, 114, 100)
(72, 131, 87)
(72, 139, 82)
(72, 140, 77)
(72, 169, 74)
(72, 173, 72)
(72, 183, 70)
(72, 184, 66)
(72, 78, 159)
(72, 79, 158)
(72, 83, 141)
(73, 105, 109)
(73, 106, 107)
(73, 108, 105)
(73, 111, 103)
(73, 138, 81)
(73, 145, 76)
(73, 152, 75)
(73, 178, 70)
(73, 189, 64)
(73, 70, 171)
(73, 76, 159)
(73, 77, 152)
(73, 86, 132)
(73, 92, 124)
(73, 93, 120)
(73, 96, 117)
(74, 101, 113)
(74, 106, 105)
(74, 109, 103)
(74, 113, 100)
(74, 114, 99)
(74, 116, 95)
(74, 119, 92)
(74, 130, 90)
(74, 138, 80)
(74, 157, 74)
(74, 165, 72)
(74, 170, 71)
(74, 69, 177)
(74, 72, 169)
(74, 73, 166)
(74, 75, 161)
(74, 76, 156)
(74, 78, 150)
(74, 79, 149)
(74, 80, 148)
(74, 85, 139)
(74, 86, 130)
(74, 99, 116)
(75, 105, 104)
(75, 108, 102)
(75, 113, 96)
(75, 127, 90)
(75, 134, 79)
(75, 154, 74)
(75, 178, 68)
(75, 187, 65)
(75, 72, 167)
(75, 73, 160)
(75, 80, 142)
(75, 83, 138)
(75, 85, 133)
(75, 89, 126)
(75, 91, 122)
(76, 104, 108)
(76, 106, 99)
(76, 112, 97)
(76, 125, 89)
(76, 127, 88)
(76, 129, 87)
(76, 139, 78)
(76, 148, 74)
(76, 165, 68)
(76, 183, 66)
(76, 221, 63)
(76, 68, 189)
(76, 69, 175)
(76, 75, 159)
(76, 76, 146)
(76, 79, 143)
(76, 82, 131)
(76, 85, 129)
(76, 99, 110)
(77, 100, 107)
(77, 122, 91)
(77, 126, 86)
(77, 129, 85)
(77, 131, 83)
(77, 133, 82)
(77, 144, 76)
(77, 153, 73)
(77, 155, 72)
(77, 171, 67)
(77, 182, 66)
(77, 203, 61)
(77, 66, 172)
(77, 68, 170)
(77, 69, 164)
(77, 75, 156)
(77, 78, 144)
(77, 81, 135)
(77, 86, 126)
(77, 89, 121)
(77, 92, 118)
(77, 95, 117)
(77, 98, 114)
(78, 103, 104)
(78, 105, 102)
(78, 112, 96)
(78, 113, 95)
(78, 115, 92)
(78, 121, 91)
(78, 123, 89)
(78, 124, 86)
(78, 147, 75)
(78, 150, 72)
(78, 160, 71)
(78, 161, 66)
(78, 183, 65)
(78, 187, 64)
(78, 66, 171)
(78, 68, 168)
(78, 71, 161)
(78, 73, 156)
(78, 74, 152)
(78, 75, 151)
(78, 78, 142)
(78, 79, 135)
(78, 89, 119)
(78, 96, 112)
(79, 102, 97)
(79, 112, 95)
(79, 114, 93)
(79, 115, 90)
(79, 123, 88)
(79, 126, 84)
(79, 130, 80)
(79, 142, 76)
(79, 144, 75)
(79, 155, 71)
(79, 159, 70)
(79, 160, 69)
(79, 166, 65)
(79, 183, 63)
(79, 65, 172)
(79, 72, 154)
(79, 75, 145)
(79, 78, 141)
(79, 79, 134)
(79, 84, 130)
(79, 86, 123)
(79, 95, 108)
(79, 98, 103)
(80, 109, 95)
(80, 120, 88)
(80, 122, 87)
(80, 125, 85)
(80, 130, 79)
(80, 136, 76)
(80, 142, 75)
(80, 147, 71)
(80, 188, 61)
(80, 64, 204)
(80, 70, 162)
(80, 71, 158)
(80, 74, 143)
(80, 77, 141)
(80, 78, 138)
(80, 85, 127)
(80, 90, 114)
(80, 98, 101)
(81, 109, 94)
(81, 123, 82)
(81, 129, 80)
(81, 135, 78)
(81, 137, 75)
(81, 144, 73)
(81, 155, 68)
(81, 156, 67)
(81, 175, 63)
(81, 61, 175)
(81, 64, 172)
(81, 66, 167)
(81, 69, 161)
(81, 72, 146)
(81, 79, 131)
(81, 84, 129)
(81, 87, 121)
(81, 93, 112)
(81, 97, 107)
(82, 104, 96)
(82, 109, 92)
(82, 113, 89)
(82, 115, 88)
(82, 116, 84)
(82, 128, 81)
(82, 134, 78)
(82, 136, 75)
(82, 139, 74)
(82, 143, 69)
(82, 161, 65)
(82, 186, 62)
(82, 193, 60)
(82, 64, 168)
(82, 66, 164)
(82, 69, 160)
(82, 70, 156)
(82, 71, 147)
(82, 75, 136)
(82, 82, 124)
(82, 86, 121)
(82, 88, 120)
(82, 89, 115)
(82, 90, 113)
(82, 97, 104)
(83, 129, 79)
(83, 130, 78)
(83, 132, 75)
(83, 138, 74)
(83, 140, 72)
(83, 148, 68)
(83, 151, 67)
(83, 159, 66)
(83, 173, 63)
(83, 175, 62)
(83, 188, 60)
(83, 215, 59)
(83, 63, 172)
(83, 67, 157)
(83, 70, 153)
(83, 71, 146)
(83, 74, 140)
(83, 78, 135)
(83, 92, 103)
(83, 99, 95)
(84, 112, 91)
(84, 115, 86)
(84, 119, 80)
(84, 129, 78)
(84, 131, 76)
(84, 132, 73)
(84, 143, 67)
(84, 169, 64)
(84, 180, 60)
(84, 193, 58)
(84, 60, 179)
(84, 66, 158)
(84, 68, 156)
(84, 69, 154)
(84, 70, 150)
(84, 72, 145)
(84, 78, 134)
(84, 81, 121)
(84, 87, 119)
(84, 88, 117)
(84, 91, 106)
(85, 108, 94)
(85, 110, 90)
(85, 115, 84)
(85, 124, 79)
(85, 126, 78)
(85, 130, 77)
(85, 137, 69)
(85, 148, 66)
(85, 155, 65)
(85, 160, 63)
(85, 211, 57)
(85, 64, 164)
(85, 67, 151)
(85, 69, 146)
(85, 71, 143)
(85, 72, 139)
(85, 75, 135)
(85, 77, 129)
(85, 80, 127)
(85, 81, 119)
(85, 86, 118)
(85, 90, 111)
(86, 105, 89)
(86, 113, 88)
(86, 126, 77)
(86, 165, 62)
(86, 178, 60)
(86, 203, 57)
(86, 216, 55)
(86, 62, 174)
(86, 65, 161)
(86, 67, 148)
(86, 70, 139)
(86, 74, 136)
(86, 76, 131)
(86, 78, 125)
(86, 88, 114)
(86, 89, 112)
(86, 90, 109)
(86, 93, 102)
(86, 98, 97)
(87, 101, 92)
(87, 114, 87)
(87, 121, 79)
(87, 126, 75)
(87, 130, 72)
(87, 133, 67)
(87, 156, 64)
(87, 170, 60)
(87, 183, 58)
(87, 197, 57)
(87, 210, 55)
(87, 59, 169)
(87, 64, 161)
(87, 65, 158)
(87, 66, 152)
(87, 69, 143)
(87, 72, 133)
(87, 80, 124)
(87, 85, 108)
(87, 88, 105)
(87, 89, 101)
(87, 97, 100)
(88, 109, 86)
(88, 113, 85)
(88, 116, 78)
(88, 138, 66)
(88, 145, 65)
(88, 175, 58)
(88, 58, 170)
(88, 63, 158)
(88, 65, 156)
(88, 66, 150)
(88, 71, 138)
(88, 75, 121)
(88, 82, 113)
(88, 84, 110)
(88, 97, 98)
(89, 110, 84)
(89, 121, 77)
(89, 126, 74)
(89, 150, 64)
(89, 152, 62)
(89, 165, 60)
(89, 180, 56)
(89, 206, 55)
(89, 61, 160)
(89, 62, 151)
(89, 65, 148)
(89, 68, 139)
(89, 73, 131)
(89, 74, 124)
(89, 84, 108)
(89, 89, 100)
(90, 107, 86)
(90, 127, 73)
(90, 146, 64)
(90, 157, 61)
(90, 170, 59)
(90, 200, 55)
(90, 60, 161)
(90, 69, 132)
(90, 73, 128)
(90, 79, 120)
(90, 94, 99)
(90, 95, 95)
(91, 100, 94)
(91, 102, 91)
(91, 109, 83)
(91, 113, 81)
(91, 115, 80)
(91, 122, 72)
(91, 165, 58)
(91, 179, 57)
(91, 218, 54)
(91, 57, 174)
(91, 59, 165)
(91, 61, 155)
(91, 64, 145)
(91, 68, 136)
(91, 72, 131)
(91, 77, 113)
(91, 84, 102)
(92, 105, 87)
(92, 106, 84)
(92, 118, 75)
(92, 127, 71)
(92, 129, 69)
(92, 142, 62)
(92, 155, 60)
(92, 170, 56)
(92, 196, 54)
(92, 56, 181)
(92, 58, 161)
(92, 68, 126)
(92, 71, 123)
(92, 78, 110)
(92, 81, 108)
(92, 92, 98)
(92, 95, 94)
(93, 112, 80)
(93, 140, 64)
(93, 147, 61)
(93, 160, 58)
(93, 188, 54)
(93, 201, 52)
(93, 53, 219)
(93, 56, 171)
(93, 60, 155)
(93, 63, 149)
(93, 66, 136)
(93, 76, 120)
(93, 91, 97)
(94, 101, 88)
(94, 106, 83)
(94, 111, 82)
(94, 123, 70)
(94, 134, 66)
(94, 135, 65)
(94, 152, 58)
(94, 169, 57)
(94, 53, 197)
(94, 55, 175)
(94, 56, 161)
(94, 59, 158)
(94, 61, 151)
(94, 63, 143)
(94, 65, 140)
(94, 66, 133)
(94, 82, 107)
(94, 88, 99)
(94, 90, 96)
(95, 106, 81)
(95, 112, 78)
(95, 124, 69)
(95, 132, 67)
(95, 146, 60)
(95, 157, 57)
(95, 184, 55)
(95, 186, 54)
(95, 193, 53)
(95, 206, 51)
(95, 54, 179)
(95, 61, 150)
(95, 62, 146)
(95, 65, 137)
(95, 74, 120)
(95, 98, 92)
(95, 99, 89)
(96, 101, 85)
(96, 117, 77)
(96, 118, 74)
(96, 129, 68)
(96, 130, 64)
(96, 135, 63)
(96, 151, 59)
(96, 178, 54)
(96, 191, 52)
(96, 52, 223)
(96, 62, 143)
(96, 64, 141)
(96, 71, 115)
(96, 74, 112)
(96, 82, 106)
(96, 83, 105)
(96, 97, 91)
(97, 106, 80)
(97, 112, 77)
(97, 115, 74)
(97, 120, 72)
(97, 129, 67)
(97, 142, 58)
(97, 166, 56)
(97, 177, 54)
(97, 190, 52)
(97, 52, 167)
(97, 57, 155)
(97, 59, 153)
(97, 60, 152)
(97, 61, 147)
(97, 64, 126)
(97, 69, 125)
(97, 80, 107)
(97, 81, 103)
(97, 92, 93)
(98, 100, 88)
(98, 105, 83)
(98, 112, 75)
(98, 140, 62)
(98, 147, 57)
(98, 171, 54)
(98, 183, 53)
(98, 196, 51)
(98, 50, 191)
(98, 51, 171)
(98, 55, 164)
(98, 56, 148)
(98, 59, 145)
(98, 62, 136)
(98, 63, 130)
(98, 87, 101)
(98, 89, 97)
(98, 91, 94)
(98, 96, 91)
(99, 107, 79)
(99, 108, 78)
(99, 118, 71)
(99, 141, 59)
(99, 182, 53)
(99, 54, 158)
(99, 55, 152)
(99, 61, 140)
(99, 65, 125)
(99, 77, 109)
(99, 79, 105)
(99, 87, 100)
(99, 88, 97)
(99, 95, 91)
(99, 96, 87)
: 40 rows, 400 columns, 800 nonzeros
Academic license - for non-commercial use only - expires 2022-01-15
Non-dominated vectors found: 2487
Read LP format model from file ../tests/examples/3AP-20-4.lp
Reading time = 0.00 seconds
Set parameter Username
Solver calls: 7949
