(100, 111, 50)
(100, 130, 36)
(100, 180, 31)
(100, 53, 181)
(100, 58, 158)
(100, 59, 154)
(100, 63, 143)
(100, 67, 122)
(100, 69, 119)
(100, 76, 90)
(100, 84, 69)
(100, 99, 63)
(101, 102, 58)
(101, 103, 57)
(101, 127, 39)
(101, 128, 38)
(101, 141, 33)
(101, 149, 32)
(101, 46, 222)
(101, 50, 197)
(101, 54, 179)
(101, 62, 137)
(101, 66, 131)
(101, 67, 121)
(101, 68, 119)
(101, 70, 110)
(101, 72, 108)
(101, 79, 87)
(101, 81, 75)
(101, 93, 68)
(102, 103, 56)
(102, 105, 53)
(102, 125, 41)
(102, 128, 35)
(102, 160, 29)
(102, 45, 215)
(102, 49, 201)
(102, 51, 193)
(102, 58, 156)
(102, 59, 153)
(102, 63, 134)
(102, 64, 131)
(102, 65, 130)
(102, 68, 118)
(102, 69, 114)
(102, 72, 99)
(102, 80, 82)
(102, 95, 59)
(102, 99, 58)
(103, 105, 44)
(103, 125, 40)
(103, 156, 31)
(103, 44, 213)
(103, 49, 191)
(103, 50, 178)
(103, 54, 175)
(103, 55, 156)
(103, 59, 146)
(103, 60, 140)
(103, 66, 128)
(103, 67, 120)
(103, 72, 98)
(103, 75, 90)
(103, 77, 89)
(103, 79, 86)
(103, 89, 67)
(103, 90, 63)
(103, 94, 61)
(103, 97, 58)
(104, 101, 54)
(104, 103, 53)
(104, 123, 42)
(104, 133, 33)
(104, 139, 32)
(104, 158, 30)
(104, 46, 197)
(104, 62, 135)
(104, 65, 129)
(104, 66, 125)
(104, 67, 113)
(104, 69, 111)
(104, 74, 95)
(104, 78, 84)
(104, 80, 81)
(105, 101, 53)
(105, 120, 42)
(105, 122, 40)
(105, 127, 34)
(105, 142, 29)
(105, 41, 247)
(105, 57, 151)
(105, 62, 126)
(105, 64, 125)
(105, 66, 117)
(105, 68, 108)
(105, 71, 103)
(105, 73, 97)
(105, 77, 87)
(105, 79, 81)
(105, 80, 78)
(106, 103, 51)
(106, 112, 43)
(106, 115, 36)
(106, 43, 208)
(106, 47, 193)
(106, 52, 174)
(106, 53, 167)
(106, 58, 145)
(106, 61, 130)
(106, 65, 121)
(106, 73, 88)
(106, 77, 84)
(106, 83, 67)
(106, 97, 56)
(107, 111, 42)
(107, 112, 41)
(107, 138, 32)
(107, 176, 28)
(107, 45, 206)
(107, 46, 191)
(107, 47, 190)
(107, 49, 186)
(107, 52, 156)
(107, 57, 149)
(107, 59, 144)
(107, 60, 137)
(107, 65, 119)
(107, 66, 116)
(107, 67, 106)
(107, 69, 105)
(107, 70, 101)
(107, 71, 99)
(107, 72, 97)
(107, 74, 84)
(107, 80, 73)
(107, 88, 66)
(108, 101, 52)
(108, 120, 34)
(108, 130, 30)
(108, 39, 230)
(108, 43, 205)
(108, 48, 175)
(108, 51, 174)
(108, 53, 153)
(108, 56, 144)
(108, 57, 143)
(108, 59, 142)
(108, 62, 121)
(108, 64, 118)
(108, 66, 111)
(108, 72, 95)
(108, 92, 60)
(108, 94, 56)
(109, 110, 42)
(109, 114, 35)
(109, 127, 33)
(109, 134, 29)
(109, 141, 27)
(109, 182, 26)
(109, 58, 138)
(109, 59, 133)
(109, 60, 132)
(109, 61, 124)
(109, 63, 118)
(109, 65, 117)
(109, 66, 103)
(109, 69, 95)
(109, 74, 82)
(109, 79, 77)
(109, 89, 61)
(109, 93, 59)
(109, 96, 51)
(110, 104, 48)
(110, 162, 26)
(110, 178, 25)
(110, 41, 220)
(110, 42, 212)
(110, 45, 186)
(110, 50, 164)
(110, 55, 145)
(110, 57, 140)
(110, 58, 137)
(110, 62, 120)
(110, 65, 113)
(110, 68, 99)
(110, 71, 88)
(110, 79, 76)
(110, 90, 52)
(110, 97, 49)
(111, 103, 46)
(111, 107, 41)
(111, 109, 40)
(111, 124, 33)
(111, 139, 28)
(111, 44, 204)
(111, 47, 184)
(111, 54, 152)
(111, 56, 142)
(111, 57, 135)
(111, 60, 129)
(111, 61, 123)
(111, 62, 113)
(111, 67, 97)
(111, 73, 87)
(111, 78, 74)
(111, 87, 58)
(112, 101, 42)
(112, 126, 32)
(112, 154, 26)
(112, 171, 25)
(112, 184, 24)
(112, 40, 219)
(112, 47, 183)
(112, 56, 134)
(112, 58, 128)
(112, 64, 111)
(112, 65, 110)
(112, 75, 81)
(112, 77, 77)
(112, 82, 72)
(112, 93, 47)
(113, 100, 44)
(113, 127, 28)
(113, 42, 206)
(113, 47, 177)
(113, 48, 171)
(113, 49, 169)
(113, 51, 163)
(113, 53, 148)
(113, 55, 134)
(113, 58, 124)
(113, 61, 111)
(113, 64, 108)
(113, 70, 94)
(113, 72, 87)
(113, 75, 72)
(113, 89, 57)
(113, 96, 46)
(114, 104, 37)
(114, 113, 35)
(114, 117, 33)
(114, 124, 32)
(114, 38, 214)
(114, 43, 192)
(114, 44, 190)
(114, 51, 153)
(114, 52, 148)
(114, 54, 143)
(114, 59, 120)
(114, 60, 115)
(114, 66, 102)
(114, 68, 95)
(114, 69, 94)
(114, 70, 91)
(114, 72, 78)
(114, 83, 64)
(115, 103, 39)
(115, 107, 36)
(115, 111, 34)
(115, 154, 25)
(115, 40, 205)
(115, 44, 189)
(115, 47, 168)
(115, 48, 162)
(115, 51, 152)
(115, 55, 133)
(115, 58, 123)
(115, 59, 113)
(115, 63, 101)
(115, 65, 95)
(115, 66, 93)
(115, 69, 90)
(115, 81, 70)
(116, 118, 32)
(116, 132, 27)
(116, 146, 26)
(116, 163, 24)
(116, 37, 234)
(116, 39, 213)
(116, 41, 201)
(116, 42, 200)
(116, 43, 188)
(116, 44, 180)
(116, 45, 178)
(116, 49, 153)
(116, 51, 148)
(116, 54, 140)
(116, 55, 132)
(116, 58, 122)
(116, 60, 110)
(116, 64, 97)
(116, 67, 85)
(116, 71, 82)
(116, 80, 65)
(117, 113, 33)
(117, 114, 29)
(117, 143, 24)
(117, 159, 23)
(117, 37, 216)
(117, 44, 179)
(117, 46, 171)
(117, 53, 135)
(117, 54, 134)
(117, 57, 127)
(117, 70, 82)
(117, 74, 71)
(117, 82, 58)
(118, 101, 41)
(118, 199, 22)
(118, 40, 192)
(118, 42, 188)
(118, 45, 170)
(118, 50, 151)
(118, 51, 143)
(118, 56, 121)
(118, 60, 109)
(118, 61, 105)
(118, 64, 93)
(118, 71, 77)
(118, 73, 75)
(118, 75, 70)
(118, 76, 68)
(118, 98, 43)
(119, 152, 23)
(119, 165, 22)
(119, 34, 237)
(119, 38, 212)
(119, 44, 177)
(119, 46, 166)
(119, 47, 162)
(119, 48, 157)
(119, 50, 141)
(119, 53, 131)
(119, 55, 127)
(119, 57, 119)
(119, 58, 109)
(119, 62, 104)
(119, 70, 81)
(119, 72, 75)
(119, 73, 71)
(119, 88, 56)
(119, 92, 50)
(120, 109, 35)
(120, 37, 214)
(120, 41, 189)
(120, 42, 181)
(120, 43, 179)
(120, 44, 173)
(120, 46, 156)
(120, 47, 154)
(120, 53, 130)
(120, 54, 127)
(120, 57, 117)
(120, 58, 108)
(120, 59, 105)
(120, 63, 98)
(120, 66, 88)
(120, 70, 78)
(120, 79, 67)
(120, 92, 45)
(121, 111, 33)
(121, 126, 27)
(121, 129, 25)
(121, 35, 227)
(121, 37, 212)
(121, 39, 199)
(121, 48, 153)
(121, 51, 136)
(121, 52, 135)
(121, 55, 120)
(121, 56, 119)
(121, 57, 112)
(121, 60, 104)
(121, 61, 102)
(121, 62, 98)
(121, 65, 92)
(121, 68, 76)
(121, 75, 68)
(121, 76, 67)
(121, 81, 64)
(121, 86, 52)
(121, 89, 51)
(122, 103, 36)
(122, 106, 34)
(122, 113, 32)
(122, 135, 23)
(122, 38, 197)
(122, 40, 189)
(122, 41, 188)
(122, 43, 175)
(122, 44, 162)
(122, 47, 151)
(122, 49, 140)
(122, 51, 135)
(122, 52, 125)
(122, 53, 121)
(122, 55, 116)
(122, 59, 104)
(122, 61, 93)
(122, 65, 83)
(122, 81, 61)
(123, 102, 37)
(123, 104, 35)
(123, 109, 33)
(123, 113, 31)
(123, 39, 182)
(123, 40, 181)
(123, 43, 172)
(123, 48, 144)
(123, 50, 135)
(123, 51, 131)
(123, 54, 118)
(123, 60, 97)
(123, 64, 92)
(123, 65, 79)
(123, 76, 62)
(123, 79, 61)
(123, 84, 56)
(123, 90, 50)
(123, 98, 39)
(124, 34, 223)
(124, 37, 200)
(124, 41, 175)
(124, 42, 171)
(124, 44, 159)
(124, 45, 157)
(124, 46, 151)
(124, 47, 149)
(124, 48, 138)
(124, 53, 116)
(124, 55, 113)
(124, 56, 112)
(124, 57, 110)
(124, 59, 102)
(124, 63, 90)
(124, 70, 75)
(124, 71, 74)
(124, 73, 68)
(124, 84, 47)
(124, 96, 44)
(125, 113, 28)
(125, 116, 26)
(125, 164, 21)
(125, 180, 20)
(125, 33, 221)
(125, 36, 216)
(125, 37, 192)
(125, 40, 179)
(125, 43, 170)
(125, 45, 155)
(125, 49, 134)
(125, 50, 128)
(125, 57, 98)
(125, 60, 90)
(125, 64, 89)
(125, 74, 67)
(125, 81, 53)
(126, 35, 212)
(126, 36, 198)
(126, 40, 175)
(126, 41, 165)
(126, 42, 163)
(126, 46, 140)
(126, 48, 135)
(126, 51, 127)
(126, 52, 124)
(126, 53, 115)
(126, 62, 88)
(126, 64, 83)
(126, 71, 73)
(126, 72, 71)
(126, 75, 63)
(126, 80, 56)
(126, 95, 41)
(127, 160, 20)
(127, 30, 255)
(127, 36, 194)
(127, 37, 175)
(127, 40, 173)
(127, 41, 160)
(127, 42, 159)
(127, 44, 156)
(127, 45, 152)
(127, 46, 138)
(127, 47, 137)
(127, 51, 117)
(127, 53, 113)
(127, 56, 108)
(127, 62, 86)
(127, 63, 85)
(127, 64, 82)
(127, 65, 73)
(127, 90, 41)
(127, 94, 39)
(128, 101, 38)
(128, 104, 31)
(128, 208, 19)
(128, 32, 216)
(128, 42, 156)
(128, 43, 154)
(128, 45, 151)
(128, 47, 129)
(128, 55, 97)
(128, 59, 88)
(128, 64, 81)
(128, 68, 72)
(128, 78, 57)
(129, 159, 22)
(129, 205, 19)
(129, 35, 193)
(129, 39, 170)
(129, 44, 148)
(129, 50, 119)
(129, 52, 106)
(129, 60, 78)
(129, 67, 70)
(129, 68, 69)
(129, 72, 66)
(129, 79, 54)
(129, 96, 38)
(130, 33, 213)
(130, 34, 193)
(130, 36, 184)
(130, 38, 168)
(130, 40, 164)
(130, 41, 158)
(130, 43, 143)
(130, 44, 141)
(130, 48, 127)
(130, 50, 115)
(130, 59, 86)
(130, 74, 55)
(130, 89, 45)
(130, 98, 37)
(130, 99, 36)
(131, 101, 33)
(131, 30, 208)
(131, 34, 183)
(131, 38, 166)
(131, 39, 153)
(131, 45, 138)
(131, 46, 134)
(131, 51, 112)
(131, 58, 93)
(131, 71, 68)
(131, 76, 52)
(131, 83, 49)
(132, 133, 22)
(132, 149, 21)
(132, 49, 118)
(132, 50, 114)
(132, 54, 101)
(132, 55, 92)
(132, 58, 84)
(132, 62, 77)
(132, 69, 65)
(132, 71, 60)
(132, 73, 58)
(132, 85, 45)
(132, 96, 33)
(133, 111, 30)
(133, 172, 18)
(133, 188, 17)
(133, 29, 239)
(133, 32, 198)
(133, 36, 181)
(133, 37, 171)
(133, 42, 149)
(133, 44, 138)
(133, 45, 135)
(133, 46, 133)
(133, 47, 128)
(133, 48, 118)
(133, 54, 99)
(133, 57, 88)
(133, 59, 83)
(133, 67, 65)
(133, 82, 51)
(133, 88, 44)
(133, 91, 39)
(134, 172, 17)
(134, 36, 173)
(134, 38, 162)
(134, 41, 150)
(134, 42, 138)
(134, 46, 130)
(134, 47, 116)
(134, 50, 106)
(134, 52, 100)
(134, 55, 84)
(134, 64, 71)
(134, 66, 65)
(134, 67, 56)
(134, 82, 46)
(134, 86, 44)
(134, 89, 43)
(134, 91, 38)
(135, 35, 178)
(135, 36, 165)
(135, 38, 157)
(135, 44, 132)
(135, 45, 131)
(135, 53, 99)
(135, 57, 82)
(135, 58, 81)
(135, 63, 66)
(135, 64, 62)
(135, 75, 51)
(135, 93, 36)
(135, 94, 35)
(136, 120, 23)
(136, 157, 19)
(136, 170, 18)
(136, 34, 180)
(136, 38, 155)
(136, 45, 122)
(136, 48, 108)
(136, 50, 100)
(136, 53, 96)
(136, 54, 93)
(136, 57, 79)
(136, 62, 61)
(136, 69, 53)
(136, 70, 52)
(136, 77, 48)
(136, 78, 46)
(136, 88, 43)
(137, 112, 29)
(137, 29, 192)
(137, 34, 170)
(137, 35, 168)
(137, 37, 164)
(137, 42, 131)
(137, 45, 121)
(137, 49, 107)
(137, 51, 99)
(137, 54, 89)
(137, 59, 67)
(137, 66, 59)
(137, 73, 50)
(137, 85, 44)
(137, 88, 39)
(138, 102, 32)
(138, 106, 30)
(138, 150, 19)
(138, 166, 18)
(138, 31, 183)
(138, 38, 146)
(138, 44, 116)
(138, 46, 111)
(138, 49, 101)
(138, 52, 84)
(138, 80, 43)
(138, 81, 42)
(139, 111, 28)
(139, 140, 19)
(139, 147, 18)
(139, 167, 17)
(139, 33, 178)
(139, 36, 164)
(139, 40, 135)
(139, 41, 133)
(139, 42, 126)
(139, 45, 113)
(139, 46, 110)
(139, 50, 97)
(139, 51, 92)
(139, 68, 55)
(139, 75, 47)
(139, 76, 46)
(139, 79, 45)
(139, 84, 40)
(139, 88, 38)
(139, 90, 37)
(140, 108, 29)
(140, 109, 25)
(140, 184, 15)
(140, 200, 14)
(140, 26, 252)
(140, 27, 213)
(140, 34, 168)
(140, 36, 158)
(140, 47, 107)
(140, 48, 105)
(140, 56, 82)
(140, 58, 74)
(140, 92, 36)
(141, 31, 170)
(141, 37, 146)
(141, 42, 124)
(141, 50, 92)
(141, 55, 80)
(141, 80, 41)
(141, 86, 37)
(141, 87, 36)
(141, 90, 35)
(141, 91, 34)
(142, 100, 29)
(142, 33, 166)
(142, 35, 163)
(142, 38, 140)
(142, 40, 134)
(142, 41, 129)
(142, 45, 112)
(142, 46, 105)
(142, 47, 103)
(142, 55, 78)
(142, 96, 31)
(143, 158, 17)
(143, 28, 208)
(143, 33, 163)
(143, 35, 156)
(143, 43, 111)
(143, 44, 108)
(143, 48, 89)
(143, 65, 60)
(143, 82, 39)
(143, 93, 33)
(144, 102, 28)
(144, 165, 16)
(144, 181, 15)
(144, 26, 205)
(144, 29, 178)
(144, 36, 152)
(144, 40, 133)
(144, 46, 98)
(144, 50, 83)
(144, 53, 79)
(144, 56, 71)
(144, 58, 70)
(144, 77, 44)
(144, 78, 43)
(145, 126, 22)
(145, 159, 16)
(145, 175, 15)
(145, 195, 14)
(145, 34, 161)
(145, 37, 135)
(145, 40, 131)
(145, 42, 113)
(145, 45, 106)
(145, 55, 76)
(145, 60, 65)
(145, 64, 59)
(145, 71, 51)
(145, 72, 50)
(146, 130, 21)
(146, 159, 15)
(146, 26, 197)
(146, 28, 195)
(146, 31, 159)
(146, 34, 157)
(146, 35, 144)
(146, 39, 122)
(146, 40, 118)
(146, 53, 75)
(146, 66, 58)
(146, 69, 52)
(146, 88, 33)
(146, 92, 31)
(147, 125, 21)
(147, 137, 20)
(147, 25, 269)
(147, 28, 188)
(147, 30, 175)
(147, 33, 149)
(147, 35, 137)
(147, 42, 110)
(147, 44, 102)
(147, 50, 81)
(147, 99, 30)
(148, 143, 18)
(148, 34, 148)
(148, 38, 131)
(148, 46, 96)
(148, 49, 87)
(148, 58, 66)
(148, 94, 30)
(149, 156, 17)
(149, 37, 130)
(149, 39, 113)
(149, 41, 110)
(149, 43, 109)
(149, 53, 72)
(149, 57, 69)
(149, 64, 57)
(150, 105, 27)
(150, 137, 17)
(150, 153, 16)
(150, 28, 175)
(150, 30, 167)
(150, 32, 150)
(150, 33, 137)
(150, 35, 134)
(150, 37, 125)
(150, 43, 106)
(150, 44, 97)
(150, 52, 80)
(150, 53, 71)
(150, 56, 69)
(150, 59, 64)
(150, 61, 62)
(150, 63, 57)
(150, 73, 49)
(151, 100, 27)
(151, 124, 21)
(151, 136, 20)
(151, 154, 15)
(151, 174, 14)
(151, 177, 13)
(151, 193, 12)
(151, 25, 222)
(151, 27, 180)
(151, 38, 122)
(151, 41, 106)
(151, 43, 99)
(151, 46, 93)
(151, 48, 77)
(151, 56, 68)
(151, 59, 62)
(151, 66, 54)
(151, 67, 53)
(151, 69, 51)
(151, 85, 37)
(151, 86, 36)
(152, 171, 13)
(152, 187, 12)
(152, 25, 213)
(152, 37, 121)
(152, 44, 95)
(152, 46, 87)
(152, 51, 74)
(152, 66, 51)
(152, 75, 46)
(152, 76, 45)
(152, 84, 37)
(153, 114, 24)
(153, 128, 19)
(153, 23, 210)
(153, 25, 198)
(153, 36, 133)
(153, 38, 118)
(153, 39, 103)
(153, 42, 101)
(153, 54, 69)
(153, 72, 48)
(154, 107, 26)
(154, 109, 24)
(154, 112, 23)
(154, 148, 16)
(154, 29, 153)
(154, 31, 142)
(154, 35, 118)
(154, 37, 112)
(154, 44, 93)
(154, 47, 85)
(154, 55, 67)
(154, 56, 65)
(154, 60, 56)
(154, 68, 48)
(154, 69, 47)
(155, 145, 15)
(155, 28, 164)
(155, 34, 134)
(155, 41, 92)
(155, 57, 62)
(155, 65, 54)
(155, 72, 45)
(155, 76, 43)
(156, 121, 21)
(156, 152, 14)
(156, 168, 13)
(156, 25, 189)
(156, 27, 178)
(156, 51, 70)
(156, 59, 61)
(156, 71, 46)
(156, 78, 42)
(157, 121, 20)
(157, 149, 14)
(157, 166, 13)
(157, 182, 12)
(157, 209, 11)
(157, 25, 175)
(157, 34, 129)
(157, 40, 101)
(157, 47, 82)
(157, 54, 67)
(157, 63, 55)
(157, 66, 50)
(157, 74, 42)
(157, 75, 41)
(157, 78, 40)
(157, 79, 39)
(158, 104, 26)
(158, 107, 24)
(158, 127, 19)
(158, 134, 18)
(158, 29, 135)
(158, 31, 131)
(158, 33, 120)
(158, 36, 114)
(158, 38, 98)
(158, 45, 90)
(158, 67, 48)
(159, 102, 24)
(159, 133, 17)
(159, 27, 172)
(159, 34, 116)
(159, 46, 80)
(159, 50, 76)
(159, 52, 67)
(159, 55, 64)
(159, 58, 60)
(159, 64, 54)
(159, 65, 52)
(159, 73, 41)
(159, 77, 40)
(159, 81, 38)
(159, 83, 35)
(159, 85, 34)
(159, 99, 26)
(160, 139, 16)
(160, 163, 13)
(160, 179, 12)
(160, 22, 227)
(160, 24, 185)
(160, 28, 159)
(160, 45, 82)
(160, 48, 74)
(160, 62, 53)
(160, 69, 45)
(160, 70, 44)
(160, 80, 38)
(160, 91, 32)
(160, 93, 30)
(160, 97, 28)
(161, 117, 21)
(161, 121, 19)
(161, 143, 15)
(161, 40, 97)
(161, 44, 91)
(161, 49, 73)
(161, 59, 59)
(161, 68, 47)
(161, 76, 38)
(162, 111, 22)
(162, 114, 20)
(162, 128, 18)
(162, 167, 12)
(162, 183, 11)
(162, 30, 126)
(162, 31, 113)
(162, 37, 101)
(162, 60, 55)
(162, 79, 36)
(162, 83, 34)
(163, 123, 18)
(163, 161, 12)
(163, 164, 11)
(163, 180, 10)
(163, 24, 180)
(163, 26, 158)
(163, 28, 147)
(163, 39, 95)
(163, 44, 90)
(163, 66, 49)
(163, 85, 33)
(163, 87, 32)
(164, 129, 17)
(164, 132, 16)
(164, 38, 97)
(164, 41, 89)
(164, 54, 66)
(164, 55, 60)
(164, 63, 51)
(164, 82, 32)
(164, 86, 30)
(165, 148, 14)
(165, 25, 150)
(165, 35, 112)
(165, 42, 88)
(165, 44, 85)
(165, 49, 72)
(165, 51, 67)
(165, 93, 29)
(166, 135, 14)
(166, 47, 79)
(166, 88, 29)
(167, 142, 13)
(167, 158, 12)
(167, 22, 225)
(167, 23, 202)
(167, 26, 140)
(167, 28, 136)
(167, 30, 125)
(167, 35, 103)
(167, 36, 102)
(167, 46, 79)
(167, 50, 70)
(167, 94, 28)
(168, 101, 24)
(168, 105, 22)
(168, 121, 18)
(168, 159, 11)
(168, 175, 10)
(168, 24, 177)
(168, 29, 131)
(168, 30, 118)
(168, 38, 95)
(168, 44, 84)
(168, 52, 64)
(168, 56, 57)
(168, 69, 42)
(168, 75, 39)
(169, 100, 25)
(169, 111, 21)
(169, 131, 16)
(169, 196, 9)
(169, 27, 128)
(169, 42, 87)
(169, 43, 86)
(169, 46, 78)
(169, 53, 63)
(170, 106, 21)
(170, 23, 197)
(170, 39, 94)
(170, 43, 82)
(170, 47, 77)
(170, 49, 69)
(170, 78, 36)
(171, 113, 20)
(171, 153, 12)
(171, 20, 235)
(171, 22, 223)
(171, 28, 118)
(171, 34, 106)
(171, 41, 87)
(171, 47, 76)
(171, 62, 51)
(172, 150, 11)
(172, 166, 10)
(172, 23, 188)
(172, 53, 62)
(172, 59, 51)
(173, 100, 23)
(173, 118, 17)
(173, 20, 233)
(173, 21, 227)
(173, 39, 93)
(173, 46, 74)
(173, 55, 57)
(173, 97, 26)
(174, 154, 10)
(174, 170, 9)
(174, 22, 155)
(174, 36, 100)
(174, 40, 92)
(174, 66, 48)
(174, 95, 23)
(175, 26, 123)
(175, 28, 116)
(175, 39, 90)
(175, 52, 62)
(175, 65, 45)
(175, 81, 34)
(175, 91, 27)
(176, 138, 13)
(176, 21, 219)
(176, 29, 113)
(176, 32, 111)
(176, 33, 107)
(176, 34, 105)
(176, 36, 98)
(176, 42, 85)
(176, 47, 72)
(176, 63, 49)
(176, 75, 36)
(177, 107, 19)
(177, 129, 15)
(177, 144, 12)
(177, 35, 100)
(177, 37, 95)
(177, 38, 92)
(177, 49, 68)
(177, 50, 67)
(177, 53, 59)
(177, 56, 55)
(177, 78, 34)
(178, 126, 15)
(178, 137, 13)
(178, 21, 206)
(178, 24, 133)
(178, 31, 108)
(178, 50, 65)
(178, 58, 52)
(178, 60, 48)
(178, 81, 33)
(179, 133, 14)
(179, 40, 87)
(179, 43, 79)
(179, 45, 78)
(179, 57, 54)
(179, 73, 39)
(180, 128, 14)
(180, 186, 8)
(180, 41, 84)
(180, 45, 77)
(181, 134, 13)
(181, 21, 205)
(181, 25, 128)
(181, 27, 121)
(181, 42, 83)
(181, 48, 71)
(181, 59, 49)
(182, 44, 74)
(182, 46, 71)
(182, 52, 61)
(182, 71, 40)
(183, 140, 10)
(183, 156, 9)
(183, 23, 142)
(183, 32, 106)
(183, 34, 97)
(183, 67, 43)
(183, 90, 25)
(184, 23, 137)
(184, 25, 121)
(184, 36, 95)
(185, 20, 182)
(185, 26, 118)
(185, 42, 82)
(185, 64, 45)
(186, 47, 66)
(186, 51, 63)
(186, 62, 42)
(186, 72, 36)
(186, 88, 27)
(187, 28, 113)
(187, 37, 89)
(187, 38, 87)
(187, 70, 41)
(188, 123, 16)
(188, 20, 173)
(188, 21, 168)
(188, 33, 104)
(188, 41, 79)
(189, 20, 159)
(189, 33, 102)
(189, 34, 95)
(189, 40, 85)
(189, 85, 30)
(190, 21, 155)
(190, 24, 118)
(190, 42, 77)
(190, 56, 53)
(190, 74, 34)
(191, 32, 100)
(191, 44, 71)
(191, 50, 59)
(191, 57, 52)
(191, 69, 39)
(192, 115, 18)
(192, 29, 111)
(192, 59, 48)
(193, 36, 94)
(193, 54, 58)
(193, 82, 30)
(194, 30, 107)
(194, 40, 84)
(194, 54, 56)
(194, 68, 36)
(195, 19, 164)
(195, 53, 56)
(195, 59, 46)
(196, 22, 136)
(196, 23, 123)
(196, 45, 69)
(196, 74, 33)
(196, 79, 32)
(197, 31, 105)
(197, 40, 82)
(197, 43, 75)
(197, 89, 26)
(198, 21, 137)
(198, 31, 103)
(198, 38, 86)
(198, 39, 85)
(198, 87, 28)
(199, 36, 92)
(199, 57, 49)
(199, 81, 28)
(200, 42, 69)
(200, 54, 54)
(200, 56, 52)
(200, 64, 40)
(201, 131, 13)
(201, 32, 92)
(201, 36, 91)
(201, 46, 67)
(202, 36, 82)
(203, 31, 99)
(204, 19, 155)
(204, 81, 27)
(205, 39, 74)
(205, 45, 62)
(206, 27, 110)
(206, 29, 109)
(206, 34, 91)
(207, 30, 102)
(207, 31, 97)
(208, 26, 117)
(208, 29, 108)
(208, 35, 87)
(208, 55, 53)
(209, 52, 58)
(209, 61, 44)
(210, 114, 18)
(210, 22, 135)
(210, 40, 72)
(210, 80, 29)
(211, 35, 85)
(211, 49, 60)
(212, 20, 152)
(212, 26, 115)
(212, 30, 101)
(212, 67, 37)
(213, 29, 107)
(213, 38, 80)
(213, 78, 31)
(214, 20, 148)
(214, 23, 120)
(214, 50, 56)
(215, 41, 70)
(216, 18, 162)
(217, 34, 90)
(218, 19, 154)
(218, 29, 106)
(219, 21, 128)
(219, 51, 54)
(219, 56, 50)
(220, 22, 125)
(220, 35, 82)
(221, 25, 105)
(222, 24, 117)
(222, 29, 95)
(222, 57, 46)
(223, 24, 112)
(224, 72, 35)
(225, 20, 133)
(225, 32, 87)
(225, 38, 75)
(225, 42, 67)
(225, 44, 63)
(226, 27, 104)
(226, 74, 32)
(227, 24, 110)
(227, 58, 44)
(228, 105, 21)
(228, 28, 100)
(228, 45, 59)
(228, 71, 32)
(229, 23, 117)
(230, 33, 85)
(231, 55, 50)
(233, 31, 93)
(233, 46, 57)
(233, 54, 53)
(235, 34, 83)
(236, 56, 48)
(239, 42, 66)
(24, 195, 198)
(244, 65, 35)
(245, 77, 31)
(25, 185, 204)
(25, 204, 196)
(25, 215, 173)
(250, 53, 48)
(253, 63, 39)
(26, 166, 216)
(26, 175, 211)
(26, 182, 209)
(26, 183, 196)
(26, 188, 193)
(26, 192, 192)
(26, 197, 189)
(26, 199, 183)
(26, 200, 182)
(27, 156, 223)
(27, 161, 197)
(27, 171, 186)
(27, 180, 185)
(27, 191, 175)
(27, 199, 162)
(28, 151, 204)
(28, 165, 172)
(28, 174, 171)
(28, 186, 164)
(28, 188, 162)
(28, 201, 155)
(28, 210, 154)
(29, 143, 222)
(29, 145, 189)
(29, 164, 178)
(29, 169, 169)
(29, 177, 160)
(29, 186, 158)
(29, 195, 157)
(30, 133, 229)
(30, 135, 196)
(30, 136, 190)
(30, 148, 178)
(30, 153, 170)
(30, 163, 155)
(30, 170, 153)
(30, 179, 152)
(30, 184, 147)
(30, 185, 144)
(30, 194, 143)
(30, 199, 138)
(31, 130, 234)
(31, 132, 203)
(31, 134, 173)
(31, 151, 172)
(31, 154, 161)
(31, 159, 153)
(31, 168, 152)
(31, 174, 144)
(31, 183, 143)
(31, 184, 141)
(32, 122, 210)
(32, 155, 159)
(32, 167, 140)
(32, 168, 136)
(32, 183, 127)
(33, 113, 196)
(33, 124, 189)
(33, 140, 156)
(33, 155, 147)
(33, 157, 136)
(33, 172, 127)
(34, 130, 188)
(34, 132, 182)
(34, 136, 167)
(34, 154, 149)
(34, 168, 124)
(35, 113, 179)
(35, 125, 167)
(35, 130, 159)
(35, 139, 142)
(35, 144, 134)
(35, 192, 123)
(35, 206, 122)
(36, 112, 198)
(36, 160, 130)
(36, 167, 129)
(36, 175, 121)
(36, 192, 120)
(36, 195, 115)
(37, 112, 183)
(37, 120, 176)
(37, 123, 175)
(37, 134, 147)
(37, 145, 125)
(37, 160, 116)
(37, 184, 115)
(37, 190, 111)
(38, 116, 172)
(38, 120, 163)
(38, 134, 138)
(38, 179, 111)
(38, 186, 110)
(39, 113, 170)
(39, 128, 161)
(39, 129, 152)
(39, 130, 146)
(39, 131, 144)
(39, 138, 129)
(39, 143, 121)
(39, 145, 119)
(39, 158, 112)
(39, 175, 108)
(40, 106, 198)
(40, 118, 162)
(40, 127, 160)
(40, 132, 139)
(40, 148, 118)
(40, 154, 116)
(40, 163, 109)
(40, 169, 107)
(40, 191, 103)
(41, 111, 181)
(41, 112, 160)
(41, 118, 155)
(41, 123, 152)
(41, 128, 144)
(41, 131, 133)
(41, 139, 116)
(41, 144, 108)
(41, 154, 107)
(41, 159, 99)
(42, 101, 223)
(42, 103, 205)
(42, 105, 202)
(42, 106, 181)
(42, 133, 125)
(42, 199, 97)
(43, 105, 200)
(43, 113, 147)
(43, 125, 145)
(43, 130, 136)
(43, 188, 97)
(43, 193, 94)
(44, 103, 188)
(44, 105, 185)
(44, 106, 179)
(44, 110, 166)
(44, 123, 140)
(44, 134, 112)
(44, 149, 103)
(44, 165, 96)
(44, 182, 94)
(44, 97, 225)
(45, 102, 207)
(45, 103, 185)
(45, 108, 167)
(45, 110, 154)
(45, 115, 146)
(45, 120, 144)
(45, 121, 142)
(45, 126, 139)
(45, 128, 133)
(45, 129, 127)
(45, 155, 102)
(45, 170, 93)
(45, 176, 91)
(45, 198, 87)
(46, 102, 192)
(46, 110, 149)
(46, 117, 143)
(46, 125, 139)
(46, 128, 129)
(46, 131, 121)
(46, 146, 100)
(46, 151, 92)
(46, 161, 91)
(46, 166, 83)
(46, 97, 208)
(47, 101, 175)
(47, 109, 166)
(47, 111, 141)
(47, 116, 133)
(47, 128, 128)
(47, 129, 120)
(47, 130, 114)
(47, 131, 112)
(47, 136, 109)
(47, 141, 106)
(47, 146, 98)
(47, 96, 227)
(48, 104, 170)
(48, 105, 150)
(48, 118, 130)
(48, 128, 127)
(48, 141, 100)
(48, 96, 212)
(48, 97, 198)
(49, 100, 181)
(49, 101, 173)
(49, 102, 161)
(49, 115, 137)
(49, 117, 131)
(49, 118, 123)
(49, 123, 120)
(49, 131, 106)
(49, 140, 98)
(49, 141, 96)
(49, 156, 87)
(49, 94, 225)
(49, 96, 207)
(50, 101, 168)
(50, 106, 137)
(50, 127, 116)
(50, 129, 115)
(50, 134, 105)
(50, 136, 102)
(50, 225, 80)
(50, 96, 202)
(50, 97, 190)
(51, 102, 160)
(51, 103, 154)
(51, 116, 124)
(51, 121, 116)
(51, 126, 113)
(51, 129, 109)
(51, 147, 95)
(51, 193, 76)
(51, 90, 227)
(51, 95, 211)
(51, 96, 190)
(51, 99, 181)
(52, 100, 169)
(52, 103, 146)
(52, 109, 130)
(52, 120, 122)
(52, 128, 103)
(52, 130, 102)
(52, 137, 98)
(52, 138, 96)
(52, 143, 93)
(52, 153, 87)
(52, 158, 84)
(52, 94, 184)
(52, 98, 183)
(53, 103, 137)
(53, 115, 126)
(53, 117, 121)
(53, 121, 114)
(53, 126, 106)
(53, 134, 96)
(53, 141, 95)
(53, 148, 84)
(53, 169, 80)
(53, 173, 79)
(53, 175, 76)
(53, 87, 234)
(53, 90, 210)
(53, 98, 159)
(54, 100, 152)
(54, 110, 117)
(54, 122, 110)
(54, 125, 107)
(54, 138, 90)
(54, 154, 82)
(54, 161, 79)
(54, 169, 73)
(54, 89, 229)
(54, 91, 190)
(54, 94, 177)
(54, 97, 167)
(55, 118, 108)
(55, 125, 104)
(55, 127, 102)
(55, 128, 96)
(55, 132, 93)
(55, 137, 85)
(55, 156, 80)
(55, 181, 72)
(55, 87, 217)
(55, 89, 214)
(55, 90, 200)
(55, 96, 169)
(55, 98, 152)
(55, 99, 146)
(56, 106, 129)
(56, 116, 110)
(56, 123, 107)
(56, 125, 103)
(56, 126, 102)
(56, 136, 90)
(56, 152, 83)
(56, 157, 75)
(56, 86, 236)
(56, 87, 214)
(56, 91, 173)
(56, 95, 163)
(57, 106, 128)
(57, 108, 120)
(57, 113, 113)
(57, 123, 102)
(57, 126, 93)
(57, 131, 85)
(57, 144, 82)
(57, 150, 78)
(57, 165, 72)
(57, 166, 71)
(57, 181, 68)
(57, 86, 202)
(57, 90, 192)
(57, 94, 170)
(57, 95, 159)
(57, 97, 156)
(58, 101, 136)
(58, 105, 135)
(58, 119, 103)
(58, 120, 102)
(58, 126, 90)
(58, 127, 89)
(58, 146, 81)
(58, 147, 79)
(58, 156, 77)
(58, 167, 70)
(58, 174, 68)
(58, 85, 204)
(58, 88, 198)
(58, 90, 190)
(58, 92, 170)
(58, 98, 143)
(59, 102, 130)
(59, 104, 129)
(59, 108, 114)
(59, 113, 110)
(59, 117, 101)
(59, 124, 100)
(59, 146, 76)
(59, 161, 67)
(59, 81, 227)
(59, 87, 186)
(59, 89, 179)
(59, 92, 167)
(59, 94, 166)
(59, 95, 158)
(59, 96, 146)
(60, 101, 135)
(60, 104, 120)
(60, 111, 113)
(60, 120, 90)
(60, 121, 89)
(60, 140, 84)
(60, 141, 82)
(60, 143, 81)
(60, 144, 80)
(60, 149, 72)
(60, 80, 236)
(60, 83, 212)
(60, 84, 210)
(60, 85, 202)
(60, 86, 190)
(60, 88, 181)
(60, 91, 161)
(60, 97, 144)
(60, 99, 141)
(61, 101, 132)
(61, 103, 117)
(61, 106, 113)
(61, 112, 111)
(61, 114, 108)
(61, 125, 87)
(61, 143, 74)
(61, 179, 63)
(61, 81, 219)
(61, 84, 192)
(61, 86, 179)
(61, 89, 166)
(61, 92, 156)
(61, 95, 152)
(61, 96, 135)
(62, 102, 126)
(62, 105, 107)
(62, 111, 106)
(62, 114, 104)
(62, 116, 103)
(62, 118, 98)
(62, 133, 80)
(62, 160, 71)
(62, 173, 64)
(62, 80, 217)
(62, 81, 213)
(62, 83, 194)
(62, 93, 146)
(62, 98, 131)
(63, 100, 123)
(63, 102, 121)
(63, 111, 104)
(63, 113, 98)
(63, 118, 89)
(63, 138, 77)
(63, 154, 63)
(63, 78, 213)
(63, 82, 203)
(63, 84, 175)
(63, 88, 173)
(63, 89, 163)
(63, 95, 142)
(63, 98, 125)
(64, 100, 117)
(64, 103, 113)
(64, 109, 106)
(64, 116, 96)
(64, 122, 87)
(64, 127, 82)
(64, 131, 81)
(64, 136, 73)
(64, 144, 69)
(64, 79, 204)
(64, 80, 200)
(64, 82, 188)
(64, 87, 166)
(64, 88, 161)
(64, 91, 159)
(64, 92, 152)
(64, 94, 143)
(64, 97, 134)
(64, 99, 118)
(65, 100, 115)
(65, 101, 110)
(65, 109, 101)
(65, 112, 100)
(65, 114, 93)
(65, 150, 65)
(65, 203, 61)
(65, 75, 219)
(65, 78, 206)
(65, 81, 196)
(65, 85, 172)
(65, 89, 160)
(65, 90, 157)
(65, 93, 142)
(66, 103, 106)
(66, 109, 100)
(66, 121, 82)
(66, 125, 81)
(66, 130, 73)
(66, 138, 71)
(66, 164, 60)
(66, 74, 229)
(66, 80, 198)
(66, 81, 179)
(66, 83, 175)
(66, 84, 172)
(66, 86, 161)
(66, 89, 144)
(66, 93, 133)
(66, 95, 132)
(66, 96, 127)
(67, 100, 113)
(67, 103, 97)
(67, 112, 91)
(67, 125, 78)
(67, 167, 55)
(67, 75, 202)
(67, 79, 192)
(67, 85, 168)
(67, 88, 152)
(67, 90, 139)
(67, 92, 132)
(67, 96, 118)
(67, 97, 114)
(68, 112, 89)
(68, 115, 84)
(68, 120, 82)
(68, 128, 77)
(68, 145, 68)
(68, 147, 65)
(68, 152, 60)
(68, 70, 231)
(68, 74, 221)
(68, 78, 193)
(68, 79, 181)
(68, 82, 168)
(68, 84, 167)
(68, 87, 156)
(68, 88, 151)
(68, 95, 126)
(68, 98, 110)
(69, 108, 95)
(69, 119, 78)
(69, 127, 76)
(69, 128, 75)
(69, 132, 72)
(69, 137, 66)
(69, 158, 59)
(69, 73, 219)
(69, 74, 215)
(69, 76, 196)
(69, 78, 190)
(69, 81, 169)
(69, 84, 160)
(69, 85, 159)
(69, 86, 153)
(69, 87, 152)
(69, 91, 134)
(69, 92, 131)
(69, 94, 128)
(69, 95, 125)
(70, 101, 106)
(70, 108, 94)
(70, 113, 86)
(70, 131, 71)
(70, 157, 56)
(70, 71, 215)
(70, 73, 212)
(70, 78, 175)
(70, 82, 165)
(70, 83, 161)
(70, 84, 154)
(70, 86, 144)
(70, 88, 143)
(70, 90, 136)
(70, 91, 132)
(70, 92, 124)
(70, 93, 117)
(71, 101, 94)
(71, 102, 93)
(71, 110, 90)
(71, 126, 75)
(71, 131, 66)
(71, 143, 65)
(71, 146, 64)
(71, 150, 63)
(71, 191, 53)
(71, 72, 210)
(71, 73, 202)
(71, 75, 190)
(71, 77, 189)
(71, 79, 172)
(71, 83, 157)
(71, 87, 138)
(71, 88, 134)
(71, 90, 132)
(71, 91, 131)
(71, 93, 108)
(72, 106, 91)
(72, 110, 81)
(72, 118, 79)
(72, 124, 76)
(72, 125, 75)
(72, 137, 64)
(72, 147, 63)
(72, 150, 59)
(72, 162, 55)
(72, 166, 54)
(72, 178, 52)
(72, 68, 221)
(72, 70, 208)
(72, 73, 195)
(72, 76, 185)
(72, 77, 180)
(72, 80, 164)
(72, 82, 162)
(72, 83, 152)
(72, 85, 149)
(72, 87, 136)
(72, 90, 127)
(72, 91, 124)
(72, 92, 122)
(72, 96, 107)
(73, 122, 76)
(73, 124, 75)
(73, 126, 70)
(73, 141, 63)
(73, 144, 60)
(73, 154, 56)
(73, 159, 55)
(73, 65, 242)
(73, 74, 189)
(73, 76, 183)
(73, 77, 174)
(73, 78, 169)
(73, 79, 163)
(73, 80, 160)
(73, 82, 151)
(73, 84, 147)
(73, 86, 141)
(73, 87, 127)
(73, 91, 118)
(73, 95, 101)
(74, 104, 90)
(74, 108, 89)
(74, 121, 77)
(74, 123, 75)
(74, 128, 66)
(74, 148, 53)
(74, 68, 204)
(74, 72, 193)
(74, 73, 183)
(74, 76, 170)
(74, 81, 144)
(74, 85, 134)
(74, 86, 128)
(74, 90, 117)
(74, 95, 98)
(74, 98, 96)
(75, 107, 81)
(75, 117, 78)
(75, 118, 76)
(75, 120, 70)
(75, 133, 65)
(75, 135, 64)
(75, 137, 59)
(75, 152, 52)
(75, 176, 51)
(75, 63, 233)
(75, 67, 223)
(75, 71, 195)
(75, 72, 190)
(75, 75, 176)
(75, 76, 168)
(75, 79, 160)
(75, 80, 157)
(75, 82, 143)
(75, 84, 134)
(75, 88, 124)
(75, 90, 111)
(75, 98, 87)
(76, 113, 80)
(76, 134, 62)
(76, 147, 57)
(76, 156, 51)
(76, 68, 196)
(76, 70, 190)
(76, 74, 171)
(76, 78, 162)
(76, 79, 154)
(76, 80, 148)
(76, 83, 136)
(76, 89, 117)
(76, 91, 108)
(76, 93, 106)
(77, 102, 86)
(77, 106, 85)
(77, 109, 76)
(77, 118, 70)
(77, 127, 68)
(77, 131, 61)
(77, 146, 57)
(77, 157, 50)
(77, 172, 47)
(77, 64, 230)
(77, 65, 208)
(77, 71, 179)
(77, 73, 173)
(77, 76, 163)
(77, 77, 160)
(77, 78, 153)
(77, 83, 127)
(77, 85, 126)
(77, 86, 124)
(77, 88, 117)
(77, 92, 106)
(77, 96, 97)
(78, 102, 85)
(78, 108, 79)
(78, 111, 75)
(78, 112, 74)
(78, 126, 64)
(78, 131, 60)
(78, 139, 58)
(78, 145, 54)
(78, 151, 51)
(78, 162, 49)
(78, 67, 202)
(78, 70, 179)
(78, 71, 176)
(78, 74, 168)
(78, 76, 150)
(78, 78, 144)
(78, 81, 134)
(78, 85, 119)
(78, 87, 116)
(78, 90, 108)
(78, 91, 107)
(78, 93, 104)
(78, 94, 97)
(78, 95, 96)
(78, 96, 94)
(79, 102, 82)
(79, 105, 80)
(79, 116, 72)
(79, 123, 67)
(79, 125, 61)
(79, 130, 59)
(79, 138, 57)
(79, 63, 210)
(79, 66, 197)
(79, 69, 195)
(79, 73, 169)
(79, 74, 163)
(79, 75, 159)
(79, 79, 141)
(79, 80, 136)
(79, 85, 110)
(79, 93, 101)
(79, 96, 88)
(80, 100, 82)
(80, 105, 71)
(80, 119, 68)
(80, 134, 57)
(80, 138, 52)
(80, 162, 48)
(80, 169, 43)
(80, 58, 244)
(80, 61, 226)
(80, 62, 219)
(80, 65, 198)
(80, 66, 189)
(80, 69, 188)
(80, 71, 163)
(80, 75, 153)
(80, 76, 147)
(80, 78, 143)
(80, 83, 121)
(80, 90, 107)
(80, 95, 94)
(81, 116, 69)
(81, 117, 67)
(81, 128, 59)
(81, 135, 55)
(81, 156, 48)
(81, 62, 204)
(81, 65, 195)
(81, 68, 183)
(81, 69, 172)
(81, 74, 146)
(81, 78, 134)
(81, 79, 130)
(81, 84, 117)
(81, 87, 109)
(81, 89, 108)
(81, 90, 101)
(81, 93, 94)
(81, 94, 90)
(81, 98, 80)
(82, 112, 70)
(82, 116, 60)
(82, 128, 58)
(82, 147, 50)
(82, 160, 47)
(82, 58, 237)
(82, 60, 234)
(82, 63, 201)
(82, 64, 198)
(82, 65, 190)
(82, 67, 187)
(82, 68, 172)
(82, 70, 169)
(82, 72, 162)
(82, 73, 146)
(82, 77, 140)
(82, 78, 130)
(82, 81, 129)
(82, 82, 119)
(82, 87, 100)
(82, 90, 92)
(82, 97, 82)
(83, 103, 78)
(83, 109, 70)
(83, 115, 63)
(83, 135, 52)
(83, 139, 48)
(83, 61, 198)
(83, 67, 179)
(83, 69, 169)
(83, 72, 159)
(83, 75, 145)
(83, 76, 141)
(83, 77, 137)
(83, 81, 127)
(83, 83, 109)
(83, 90, 89)
(83, 94, 88)
(84, 112, 67)
(84, 121, 58)
(84, 127, 56)
(84, 129, 54)
(84, 153, 45)
(84, 193, 41)
(84, 57, 241)
(84, 59, 222)
(84, 60, 212)
(84, 64, 195)
(84, 66, 183)
(84, 68, 163)
(84, 72, 152)
(84, 75, 141)
(84, 76, 136)
(84, 81, 123)
(84, 85, 99)
(85, 103, 76)
(85, 126, 52)
(85, 135, 50)
(85, 157, 44)
(85, 164, 43)
(85, 185, 41)
(85, 60, 210)
(85, 63, 188)
(85, 64, 182)
(85, 66, 175)
(85, 69, 160)
(85, 70, 150)
(85, 71, 146)
(85, 74, 143)
(85, 75, 136)
(85, 78, 128)
(85, 79, 125)
(85, 80, 119)
(85, 81, 117)
(85, 90, 84)
(85, 99, 78)
(86, 106, 69)
(86, 125, 56)
(86, 137, 47)
(86, 156, 44)
(86, 168, 42)
(86, 56, 233)
(86, 57, 228)
(86, 58, 214)
(86, 60, 197)
(86, 65, 175)
(86, 67, 165)
(86, 68, 162)
(86, 70, 146)
(86, 72, 143)
(86, 73, 140)
(86, 77, 130)
(86, 78, 123)
(86, 82, 110)
(86, 84, 108)
(86, 87, 93)
(86, 89, 91)
(87, 101, 74)
(87, 110, 63)
(87, 123, 57)
(87, 138, 46)
(87, 150, 41)
(87, 191, 40)
(87, 198, 39)
(87, 58, 200)
(87, 59, 191)
(87, 63, 183)
(87, 64, 165)
(87, 69, 149)
(87, 71, 143)
(87, 73, 134)
(87, 77, 129)
(87, 81, 113)
(87, 84, 99)
(87, 97, 76)
(88, 104, 71)
(88, 109, 68)
(88, 132, 47)
(88, 154, 40)
(88, 178, 39)
(88, 55, 209)
(88, 57, 208)
(88, 62, 188)
(88, 68, 153)
(88, 70, 145)
(88, 75, 123)
(88, 76, 122)
(88, 78, 120)
(88, 82, 109)
(88, 83, 104)
(88, 89, 86)
(88, 93, 83)
(89, 107, 68)
(89, 112, 57)
(89, 121, 56)
(89, 122, 51)
(89, 129, 50)
(89, 143, 44)
(89, 155, 39)
(89, 213, 38)
(89, 53, 248)
(89, 57, 200)
(89, 60, 186)
(89, 63, 176)
(89, 66, 160)
(89, 67, 159)
(89, 77, 113)
(89, 81, 110)
(89, 82, 103)
(89, 85, 98)
(89, 86, 92)
(89, 88, 90)
(89, 89, 83)
(89, 92, 81)
(89, 93, 74)
(90, 105, 66)
(90, 106, 65)
(90, 109, 64)
(90, 110, 62)
(90, 129, 49)
(90, 149, 40)
(90, 150, 39)
(90, 52, 227)
(90, 56, 202)
(90, 58, 192)
(90, 61, 181)
(90, 62, 177)
(90, 65, 156)
(90, 67, 154)
(90, 70, 139)
(90, 72, 135)
(90, 74, 126)
(90, 80, 108)
(90, 82, 94)
(90, 86, 89)
(90, 88, 87)
(90, 92, 72)
(91, 101, 71)
(91, 103, 70)
(91, 104, 64)
(91, 119, 56)
(91, 120, 55)
(91, 123, 46)
(91, 147, 42)
(91, 168, 36)
(91, 50, 243)
(91, 52, 224)
(91, 54, 218)
(91, 55, 200)
(91, 56, 199)
(91, 61, 165)
(91, 65, 150)
(91, 75, 121)
(91, 79, 106)
(91, 81, 102)
(91, 85, 93)
(91, 89, 78)
(92, 103, 61)
(92, 116, 56)
(92, 119, 51)
(92, 135, 44)
(92, 141, 43)
(92, 54, 217)
(92, 57, 184)
(92, 60, 182)
(92, 62, 162)
(92, 65, 149)
(92, 71, 130)
(92, 73, 126)
(92, 74, 125)
(92, 75, 120)
(92, 77, 112)
(92, 78, 110)
(93, 102, 64)
(93, 111, 55)
(93, 129, 45)
(93, 139, 41)
(93, 144, 40)
(93, 49, 235)
(93, 53, 202)
(93, 60, 179)
(93, 63, 153)
(93, 67, 143)
(93, 68, 142)
(93, 70, 130)
(93, 72, 123)
(93, 74, 118)
(93, 75, 112)
(93, 78, 104)
(93, 82, 86)
(93, 88, 82)
(93, 98, 66)
(94, 106, 56)
(94, 135, 43)
(94, 158, 36)
(94, 54, 195)
(94, 55, 193)
(94, 57, 179)
(94, 59, 173)
(94, 67, 142)
(94, 68, 134)
(94, 77, 104)
(94, 80, 97)
(94, 81, 93)
(94, 82, 85)
(94, 97, 70)
(95, 109, 55)
(95, 113, 53)
(95, 118, 48)
(95, 131, 44)
(95, 137, 37)
(95, 48, 260)
(95, 50, 211)
(95, 54, 192)
(95, 60, 164)
(95, 65, 148)
(95, 66, 145)
(95, 70, 129)
(95, 71, 122)
(95, 75, 110)
(95, 76, 106)
(95, 80, 96)
(95, 87, 79)
(95, 96, 67)
(96, 122, 45)
(96, 197, 34)
(96, 52, 204)
(96, 55, 188)
(96, 57, 176)
(96, 62, 154)
(96, 65, 145)
(96, 66, 142)
(96, 67, 138)
(96, 70, 122)
(96, 74, 112)
(96, 75, 106)
(96, 77, 103)
(96, 79, 95)
(96, 91, 73)
(97, 115, 52)
(97, 116, 46)
(97, 131, 37)
(97, 167, 35)
(97, 45, 229)
(97, 49, 204)
(97, 51, 194)
(97, 55, 169)
(97, 60, 159)
(97, 64, 139)
(97, 65, 137)
(97, 69, 133)
(97, 70, 120)
(97, 73, 117)
(97, 75, 105)
(97, 78, 102)
(97, 79, 94)
(97, 81, 92)
(97, 84, 77)
(98, 100, 60)
(98, 104, 58)
(98, 111, 53)
(98, 114, 52)
(98, 128, 40)
(98, 135, 36)
(98, 149, 34)
(98, 190, 33)
(98, 60, 150)
(98, 69, 120)
(98, 72, 117)
(98, 73, 115)
(98, 78, 95)
(98, 81, 83)
(99, 108, 52)
(99, 113, 51)
(99, 118, 43)
(99, 136, 35)
(99, 153, 33)
(99, 186, 32)
(99, 47, 219)
(99, 48, 204)
(99, 52, 189)
(99, 53, 184)
(99, 58, 162)
(99, 62, 148)
(99, 64, 138)
(99, 67, 126)
(99, 68, 122)
(99, 72, 112)
(99, 74, 100)
(99, 77, 95)
(99, 90, 75)
(99, 94, 70)
: 40 rows, 400 columns, 800 nonzeros
Academic license - for non-commercial use only - expires 2022-01-15
Non-dominated vectors found: 2345
Read LP format model from file ../tests/examples/3AP-20-2.lp
Reading time = 0.00 seconds
Set parameter Username
Solver calls: 3605
