(21, 55, 47, 40)
(23, 46, 43, 44)
(24, 45, 38, 48)
(27, 36, 58, 50)
(28, 40, 43, 59)
(28, 40, 45, 46)
(28, 48, 35, 29)
(30, 31, 39, 63)
(31, 30, 34, 67)
(32, 39, 54, 61)
(33, 47, 44, 30)
(34, 29, 44, 52)
(34, 44, 45, 37)
(36, 42, 56, 45)
(37, 42, 58, 36)
(37, 44, 37, 49)
(37, 46, 43, 41)
(39, 28, 53, 53)
(40, 32, 49, 44)
(40, 37, 41, 36)
(41, 37, 31, 39)
(43, 44, 40, 21)
(44, 35, 46, 25)
(46, 36, 40, 40)
(46, 41, 41, 27)
(47, 34, 53, 40)
(47, 34, 55, 27)
(49, 34, 55, 26)
(50, 24, 44, 48)
(50, 32, 38, 60)
(56, 33, 36, 31)
(56, 40, 53, 22)
(60, 39, 35, 32)
: 10 rows, 25 columns, 50 nonzeros
Academic license - for non-commercial use only - expires 2022-01-15
Non-dominated vectors found: 33
Read LP format model from file ../tests/examples/4AP05.lp
Reading time = 0.00 seconds
Set parameter Username
Solver calls: 268
