(100, 34, 102)
(100, 35, 97)
(100, 64, 50)
(100, 92, 36)
(101, 32, 100)
(101, 59, 59)
(102, 25, 122)
(102, 76, 45)
(103, 24, 133)
(103, 35, 95)
(103, 42, 85)
(103, 45, 75)
(103, 83, 40)
(104, 52, 66)
(104, 61, 57)
(104, 74, 45)
(105, 110, 30)
(105, 41, 87)
(105, 60, 58)
(105, 73, 46)
(105, 95, 35)
(106, 30, 109)
(106, 33, 99)
(106, 36, 93)
(106, 37, 90)
(106, 41, 81)
(107, 60, 55)
(107, 90, 34)
(108, 43, 77)
(108, 47, 72)
(108, 78, 43)
(109, 31, 102)
(109, 38, 83)
(109, 62, 54)
(110, 107, 32)
(110, 53, 65)
(110, 88, 33)
(112, 29, 108)
(112, 52, 62)
(112, 71, 48)
(113, 36, 92)
(114, 27, 118)
(114, 46, 70)
(115, 101, 32)
(115, 23, 139)
(115, 29, 106)
(115, 50, 67)
(115, 61, 52)
(115, 81, 40)
(116, 22, 150)
(116, 34, 95)
(117, 22, 142)
(117, 27, 117)
(117, 52, 59)
(117, 80, 42)
(118, 42, 77)
(118, 43, 76)
(118, 46, 67)
(118, 79, 39)
(118, 99, 31)
(119, 118, 26)
(119, 59, 58)
(120, 117, 27)
(120, 28, 110)
(120, 35, 91)
(120, 37, 88)
(120, 50, 64)
(120, 59, 57)
(120, 70, 48)
(120, 75, 44)
(121, 32, 94)
(122, 42, 76)
(122, 56, 56)
(123, 24, 127)
(123, 26, 116)
(123, 41, 78)
(123, 45, 73)
(123, 64, 48)
(124, 43, 75)
(125, 31, 100)
(126, 21, 127)
(126, 26, 114)
(126, 30, 104)
(126, 36, 88)
(126, 88, 32)
(127, 107, 27)
(127, 42, 73)
(127, 50, 63)
(127, 73, 45)
(128, 45, 70)
(128, 72, 47)
(128, 73, 44)
(129, 27, 113)
(129, 29, 104)
(129, 31, 97)
(129, 86, 31)
(130, 105, 26)
(130, 20, 159)
(130, 24, 122)
(130, 58, 55)
(130, 71, 44)
(131, 24, 119)
(131, 40, 82)
(131, 50, 60)
(132, 24, 113)
(132, 29, 102)
(132, 34, 93)
(132, 36, 86)
(133, 39, 81)
(133, 40, 78)
(133, 44, 68)
(134, 23, 124)
(134, 68, 47)
(134, 84, 38)
(135, 35, 89)
(135, 48, 65)
(136, 30, 99)
(136, 32, 93)
(136, 34, 90)
(136, 50, 57)
(136, 58, 54)
(136, 75, 43)
(137, 18, 135)
(139, 36, 84)
(139, 57, 55)
(139, 73, 42)
(140, 26, 112)
(140, 28, 108)
(141, 33, 92)
(141, 59, 53)
(142, 47, 65)
(143, 21, 121)
(143, 26, 110)
(143, 35, 86)
(143, 43, 71)
(143, 49, 62)
(144, 55, 56)
(146, 31, 94)
(146, 48, 61)
(146, 71, 43)
(147, 27, 107)
(147, 29, 99)
(148, 34, 88)
(148, 38, 81)
(149, 20, 131)
(149, 25, 111)
(149, 28, 105)
(149, 56, 53)
(149, 69, 42)
(150, 27, 106)
(151, 48, 58)
(152, 30, 97)
(152, 36, 80)
(153, 25, 108)
(153, 32, 90)
(155, 23, 117)
(155, 56, 52)
(156, 17, 160)
(156, 30, 94)
(157, 63, 48)
(158, 25, 105)
(159, 47, 64)
(160, 19, 129)
(160, 26, 104)
(160, 28, 103)
(162, 22, 118)
(163, 28, 99)
(163, 31, 90)
(163, 45, 66)
(165, 26, 101)
(165, 39, 77)
(165, 40, 73)
(165, 70, 41)
(166, 33, 87)
(168, 34, 86)
(169, 29, 96)
(170, 23, 115)
(170, 40, 70)
(173, 23, 111)
(173, 34, 83)
(178, 39, 76)
(180, 28, 96)
(20, 111, 129)
(21, 100, 180)
(22, 103, 176)
(22, 105, 152)
(22, 107, 136)
(22, 113, 127)
(22, 115, 126)
(23, 77, 130)
(23, 88, 105)
(24, 70, 125)
(24, 72, 123)
(24, 82, 109)
(25, 75, 104)
(25, 77, 102)
(26, 90, 95)
(27, 72, 111)
(29, 66, 128)
(29, 77, 95)
(29, 79, 93)
(30, 65, 160)
(30, 70, 124)
(30, 71, 107)
(30, 74, 101)
(30, 92, 86)
(31, 68, 126)
(32, 104, 85)
(32, 67, 124)
(32, 73, 105)
(33, 61, 142)
(33, 63, 138)
(33, 65, 136)
(33, 68, 119)
(33, 86, 90)
(33, 88, 88)
(34, 100, 83)
(34, 101, 81)
(34, 108, 80)
(34, 66, 121)
(34, 68, 117)
(34, 70, 115)
(34, 73, 98)
(34, 76, 92)
(35, 58, 161)
(35, 60, 127)
(35, 63, 106)
(35, 71, 102)
(35, 74, 96)
(35, 81, 91)
(35, 90, 85)
(36, 106, 76)
(36, 68, 100)
(36, 79, 90)
(36, 81, 88)
(36, 87, 87)
(37, 53, 131)
(37, 60, 125)
(37, 62, 118)
(37, 70, 98)
(37, 72, 96)
(37, 73, 84)
(37, 75, 82)
(37, 90, 79)
(38, 102, 74)
(38, 103, 72)
(38, 61, 123)
(38, 88, 75)
(39, 55, 108)
(39, 58, 102)
(39, 65, 97)
(39, 70, 90)
(40, 115, 71)
(41, 99, 74)
(42, 104, 69)
(42, 112, 67)
(42, 60, 92)
(42, 69, 87)
(42, 72, 81)
(42, 83, 80)
(42, 87, 78)
(43, 77, 80)
(43, 86, 74)
(43, 96, 73)
(44, 102, 65)
(45, 52, 171)
(45, 53, 128)
(45, 86, 68)
(46, 113, 60)
(46, 46, 144)
(46, 54, 111)
(46, 57, 105)
(46, 80, 78)
(46, 98, 63)
(46, 99, 61)
(47, 51, 135)
(47, 52, 127)
(47, 53, 121)
(47, 61, 86)
(48, 48, 120)
(48, 51, 114)
(48, 78, 75)
(49, 47, 109)
(49, 50, 103)
(49, 57, 100)
(49, 59, 95)
(49, 75, 79)
(49, 77, 77)
(49, 83, 71)
(50, 122, 55)
(50, 71, 72)
(50, 83, 67)
(51, 101, 60)
(51, 115, 59)
(51, 118, 57)
(51, 67, 83)
(51, 97, 66)
(52, 52, 93)
(52, 62, 84)
(52, 82, 70)
(53, 121, 54)
(53, 43, 129)
(53, 68, 82)
(53, 97, 65)
(53, 98, 58)
(54, 109, 49)
(54, 57, 92)
(54, 59, 90)
(54, 70, 81)
(54, 81, 68)
(54, 82, 65)
(55, 69, 80)
(55, 79, 70)
(55, 94, 61)
(55, 95, 60)
(56, 39, 116)
(56, 42, 110)
(56, 46, 109)
(56, 49, 105)
(56, 63, 78)
(56, 66, 72)
(56, 88, 62)
(56, 89, 61)
(56, 93, 60)
(57, 75, 65)
(57, 82, 64)
(58, 36, 134)
(58, 82, 58)
(58, 86, 57)
(58, 98, 56)
(59, 111, 48)
(59, 128, 45)
(59, 44, 100)
(59, 56, 89)
(59, 61, 81)
(59, 68, 62)
(60, 60, 87)
(61, 103, 53)
(61, 91, 56)
(62, 101, 53)
(62, 106, 51)
(62, 49, 98)
(62, 91, 54)
(63, 104, 49)
(63, 106, 46)
(63, 38, 119)
(63, 41, 113)
(63, 54, 89)
(63, 84, 53)
(64, 110, 44)
(64, 45, 94)
(64, 58, 86)
(64, 77, 58)
(64, 84, 51)
(64, 99, 48)
(65, 108, 45)
(65, 43, 107)
(65, 51, 88)
(65, 61, 79)
(65, 76, 61)
(66, 105, 45)
(66, 35, 119)
(66, 43, 103)
(66, 50, 85)
(66, 59, 83)
(66, 60, 76)
(67, 55, 80)
(68, 107, 44)
(68, 125, 42)
(69, 129, 40)
(69, 73, 56)
(69, 92, 49)
(70, 102, 40)
(70, 107, 39)
(70, 41, 108)
(71, 100, 46)
(71, 34, 151)
(71, 38, 111)
(71, 59, 79)
(71, 62, 73)
(71, 90, 50)
(72, 42, 107)
(72, 47, 93)
(72, 54, 81)
(72, 72, 55)
(72, 95, 37)
(73, 42, 105)
(73, 47, 86)
(73, 50, 80)
(73, 94, 48)
(74, 40, 104)
(74, 43, 98)
(74, 55, 79)
(74, 59, 73)
(74, 64, 63)
(74, 84, 50)
(75, 126, 35)
(75, 42, 102)
(75, 87, 45)
(75, 93, 36)
(76, 39, 105)
(76, 45, 89)
(76, 48, 85)
(76, 52, 70)
(76, 86, 46)
(77, 114, 33)
(77, 32, 127)
(77, 45, 88)
(77, 72, 52)
(77, 80, 51)
(78, 36, 116)
(78, 37, 110)
(78, 42, 100)
(79, 36, 115)
(79, 43, 94)
(79, 50, 75)
(79, 84, 47)
(80, 112, 32)
(80, 68, 61)
(80, 79, 50)
(81, 32, 111)
(81, 35, 105)
(81, 39, 104)
(81, 42, 94)
(81, 61, 66)
(81, 68, 59)
(82, 31, 122)
(82, 41, 99)
(82, 60, 69)
(82, 64, 61)
(82, 81, 48)
(83, 29, 129)
(83, 40, 103)
(83, 44, 91)
(83, 55, 69)
(83, 60, 67)
(84, 28, 140)
(84, 37, 95)
(84, 47, 84)
(85, 66, 59)
(86, 43, 88)
(86, 57, 64)
(86, 69, 58)
(86, 86, 45)
(86, 91, 39)
(87, 42, 93)
(87, 49, 78)
(87, 56, 68)
(87, 58, 62)
(87, 62, 57)
(87, 85, 46)
(88, 31, 114)
(88, 34, 108)
(88, 46, 81)
(88, 48, 79)
(88, 62, 55)
(88, 78, 49)
(89, 134, 31)
(89, 30, 125)
(89, 38, 89)
(89, 56, 63)
(89, 77, 50)
(89, 79, 45)
(89, 89, 38)
(90, 36, 102)
(90, 44, 83)
(90, 74, 50)
(91, 110, 35)
(91, 132, 31)
(91, 28, 114)
(91, 36, 98)
(91, 43, 80)
(92, 27, 125)
(92, 35, 103)
(92, 54, 68)
(92, 71, 53)
(92, 77, 44)
(93, 113, 31)
(93, 49, 77)
(93, 70, 54)
(94, 108, 34)
(94, 41, 88)
(94, 48, 76)
(94, 56, 60)
(94, 87, 43)
(95, 34, 103)
(95, 68, 54)
(96, 103, 34)
(96, 111, 30)
(96, 31, 106)
(96, 69, 50)
(96, 83, 42)
(97, 26, 157)
(97, 36, 97)
(97, 40, 88)
(97, 49, 72)
(97, 54, 65)
(98, 26, 149)
(98, 35, 100)
(98, 64, 54)
(99, 101, 33)
(99, 119, 27)
(99, 33, 103)
(99, 48, 69)
(99, 65, 49)
(99, 81, 41)
: 30 rows, 225 columns, 450 nonzeros
Academic license - for non-commercial use only - expires 2022-01-15
Non-dominated vectors found: 506
Read LP format model from file ../tests/examples/3AP-15-1.lp
Reading time = 0.00 seconds
Set parameter Username
Solver calls: 1699
